location,age_group,forecast_date,target_end_date,target,type,quantile,pathogen,value
DE,00-04,2022-11-20,2022-10-23,-4 week ahead inc case,mean,NA,seasonal_influenza,285
DE,00-04,2022-11-20,2022-10-23,-4 week ahead inc case,quantile,0.025,seasonal_influenza,283.5
DE,00-04,2022-11-20,2022-10-23,-4 week ahead inc case,quantile,0.1,seasonal_influenza,283.5
DE,00-04,2022-11-20,2022-10-23,-4 week ahead inc case,quantile,0.25,seasonal_influenza,283.5
DE,00-04,2022-11-20,2022-10-23,-4 week ahead inc case,quantile,0.5,seasonal_influenza,284
DE,00-04,2022-11-20,2022-10-23,-4 week ahead inc case,quantile,0.75,seasonal_influenza,285.5
DE,00-04,2022-11-20,2022-10-23,-4 week ahead inc case,quantile,0.9,seasonal_influenza,287.5
DE,00-04,2022-11-20,2022-10-23,-4 week ahead inc case,quantile,0.975,seasonal_influenza,291.5
DE,00-04,2022-11-20,2022-10-30,-3 week ahead inc case,mean,NA,seasonal_influenza,315.724
DE,00-04,2022-11-20,2022-10-30,-3 week ahead inc case,quantile,0.025,seasonal_influenza,311
DE,00-04,2022-11-20,2022-10-30,-3 week ahead inc case,quantile,0.1,seasonal_influenza,311
DE,00-04,2022-11-20,2022-10-30,-3 week ahead inc case,quantile,0.25,seasonal_influenza,312
DE,00-04,2022-11-20,2022-10-30,-3 week ahead inc case,quantile,0.5,seasonal_influenza,313.5
DE,00-04,2022-11-20,2022-10-30,-3 week ahead inc case,quantile,0.75,seasonal_influenza,317.5
DE,00-04,2022-11-20,2022-10-30,-3 week ahead inc case,quantile,0.9,seasonal_influenza,323.5
DE,00-04,2022-11-20,2022-10-30,-3 week ahead inc case,quantile,0.975,seasonal_influenza,332.5
DE,00-04,2022-11-20,2022-11-06,-2 week ahead inc case,mean,NA,seasonal_influenza,365.8775
DE,00-04,2022-11-20,2022-11-06,-2 week ahead inc case,quantile,0.025,seasonal_influenza,357
DE,00-04,2022-11-20,2022-11-06,-2 week ahead inc case,quantile,0.1,seasonal_influenza,358
DE,00-04,2022-11-20,2022-11-06,-2 week ahead inc case,quantile,0.25,seasonal_influenza,359.5
DE,00-04,2022-11-20,2022-11-06,-2 week ahead inc case,quantile,0.5,seasonal_influenza,363
DE,00-04,2022-11-20,2022-11-06,-2 week ahead inc case,quantile,0.75,seasonal_influenza,368.5
DE,00-04,2022-11-20,2022-11-06,-2 week ahead inc case,quantile,0.9,seasonal_influenza,378
DE,00-04,2022-11-20,2022-11-06,-2 week ahead inc case,quantile,0.975,seasonal_influenza,393.5
DE,00-04,2022-11-20,2022-11-13,-1 week ahead inc case,mean,NA,seasonal_influenza,609.153
DE,00-04,2022-11-20,2022-11-13,-1 week ahead inc case,quantile,0.025,seasonal_influenza,592.5
DE,00-04,2022-11-20,2022-11-13,-1 week ahead inc case,quantile,0.1,seasonal_influenza,594.5
DE,00-04,2022-11-20,2022-11-13,-1 week ahead inc case,quantile,0.25,seasonal_influenza,597.5
DE,00-04,2022-11-20,2022-11-13,-1 week ahead inc case,quantile,0.5,seasonal_influenza,605
DE,00-04,2022-11-20,2022-11-13,-1 week ahead inc case,quantile,0.75,seasonal_influenza,615.5
DE,00-04,2022-11-20,2022-11-13,-1 week ahead inc case,quantile,0.9,seasonal_influenza,630
DE,00-04,2022-11-20,2022-11-13,-1 week ahead inc case,quantile,0.975,seasonal_influenza,654
DE,00-04,2022-11-20,2022-11-20,0 week ahead inc case,mean,NA,seasonal_influenza,933.3775
DE,00-04,2022-11-20,2022-11-20,0 week ahead inc case,quantile,0.025,seasonal_influenza,853
DE,00-04,2022-11-20,2022-11-20,0 week ahead inc case,quantile,0.1,seasonal_influenza,867
DE,00-04,2022-11-20,2022-11-20,0 week ahead inc case,quantile,0.25,seasonal_influenza,884.5
DE,00-04,2022-11-20,2022-11-20,0 week ahead inc case,quantile,0.5,seasonal_influenza,912.5
DE,00-04,2022-11-20,2022-11-20,0 week ahead inc case,quantile,0.75,seasonal_influenza,955
DE,00-04,2022-11-20,2022-11-20,0 week ahead inc case,quantile,0.9,seasonal_influenza,1023.5
DE,00-04,2022-11-20,2022-11-20,0 week ahead inc case,quantile,0.975,seasonal_influenza,1155.5
DE,00+,2022-11-20,2022-10-23,-4 week ahead inc case,mean,NA,seasonal_influenza,1931.5
DE,00+,2022-11-20,2022-10-23,-4 week ahead inc case,quantile,0.025,seasonal_influenza,1922.5
DE,00+,2022-11-20,2022-10-23,-4 week ahead inc case,quantile,0.1,seasonal_influenza,1924.5
DE,00+,2022-11-20,2022-10-23,-4 week ahead inc case,quantile,0.25,seasonal_influenza,1927
DE,00+,2022-11-20,2022-10-23,-4 week ahead inc case,quantile,0.5,seasonal_influenza,1930
DE,00+,2022-11-20,2022-10-23,-4 week ahead inc case,quantile,0.75,seasonal_influenza,1934.5
DE,00+,2022-11-20,2022-10-23,-4 week ahead inc case,quantile,0.9,seasonal_influenza,1939.5
DE,00+,2022-11-20,2022-10-23,-4 week ahead inc case,quantile,0.975,seasonal_influenza,1946.5
DE,00+,2022-11-20,2022-10-30,-3 week ahead inc case,mean,NA,seasonal_influenza,2239.428
DE,00+,2022-11-20,2022-10-30,-3 week ahead inc case,quantile,0.025,seasonal_influenza,2221
DE,00+,2022-11-20,2022-10-30,-3 week ahead inc case,quantile,0.1,seasonal_influenza,2225
DE,00+,2022-11-20,2022-10-30,-3 week ahead inc case,quantile,0.25,seasonal_influenza,2230
DE,00+,2022-11-20,2022-10-30,-3 week ahead inc case,quantile,0.5,seasonal_influenza,2237.3333333333335
DE,00+,2022-11-20,2022-10-30,-3 week ahead inc case,quantile,0.75,seasonal_influenza,2246.6666666666665
DE,00+,2022-11-20,2022-10-30,-3 week ahead inc case,quantile,0.9,seasonal_influenza,2257
DE,00+,2022-11-20,2022-10-30,-3 week ahead inc case,quantile,0.975,seasonal_influenza,2271.3333333333335
DE,00+,2022-11-20,2022-11-06,-2 week ahead inc case,mean,NA,seasonal_influenza,2331.387
DE,00+,2022-11-20,2022-11-06,-2 week ahead inc case,quantile,0.025,seasonal_influenza,2300
DE,00+,2022-11-20,2022-11-06,-2 week ahead inc case,quantile,0.1,seasonal_influenza,2307.3333333333335
DE,00+,2022-11-20,2022-11-06,-2 week ahead inc case,quantile,0.25,seasonal_influenza,2315.6666666666665
DE,00+,2022-11-20,2022-11-06,-2 week ahead inc case,quantile,0.5,seasonal_influenza,2328.3333333333335
DE,00+,2022-11-20,2022-11-06,-2 week ahead inc case,quantile,0.75,seasonal_influenza,2343.6666666666665
DE,00+,2022-11-20,2022-11-06,-2 week ahead inc case,quantile,0.9,seasonal_influenza,2360.3333333333335
DE,00+,2022-11-20,2022-11-06,-2 week ahead inc case,quantile,0.975,seasonal_influenza,2382
DE,00+,2022-11-20,2022-11-13,-1 week ahead inc case,mean,NA,seasonal_influenza,3696.3706666666667
DE,00+,2022-11-20,2022-11-13,-1 week ahead inc case,quantile,0.025,seasonal_influenza,3636
DE,00+,2022-11-20,2022-11-13,-1 week ahead inc case,quantile,0.1,seasonal_influenza,3651
DE,00+,2022-11-20,2022-11-13,-1 week ahead inc case,quantile,0.25,seasonal_influenza,3668.3333333333335
DE,00+,2022-11-20,2022-11-13,-1 week ahead inc case,quantile,0.5,seasonal_influenza,3691.3333333333335
DE,00+,2022-11-20,2022-11-13,-1 week ahead inc case,quantile,0.75,seasonal_influenza,3719
DE,00+,2022-11-20,2022-11-13,-1 week ahead inc case,quantile,0.9,seasonal_influenza,3748.3333333333335
DE,00+,2022-11-20,2022-11-13,-1 week ahead inc case,quantile,0.975,seasonal_influenza,3786.008333333333
DE,00+,2022-11-20,2022-11-20,0 week ahead inc case,mean,NA,seasonal_influenza,6605.9293333333335
DE,00+,2022-11-20,2022-11-20,0 week ahead inc case,quantile,0.025,seasonal_influenza,6360.65
DE,00+,2022-11-20,2022-11-20,0 week ahead inc case,quantile,0.1,seasonal_influenza,6434.3
DE,00+,2022-11-20,2022-11-20,0 week ahead inc case,quantile,0.25,seasonal_influenza,6507.666666666667
DE,00+,2022-11-20,2022-11-20,0 week ahead inc case,quantile,0.5,seasonal_influenza,6595.5
DE,00+,2022-11-20,2022-11-20,0 week ahead inc case,quantile,0.75,seasonal_influenza,6691.75
DE,00+,2022-11-20,2022-11-20,0 week ahead inc case,quantile,0.9,seasonal_influenza,6788
DE,00+,2022-11-20,2022-11-20,0 week ahead inc case,quantile,0.975,seasonal_influenza,6915.016666666666
DE,05-14,2022-11-20,2022-10-23,-4 week ahead inc case,mean,NA,seasonal_influenza,603
DE,05-14,2022-11-20,2022-10-23,-4 week ahead inc case,quantile,0.025,seasonal_influenza,602
DE,05-14,2022-11-20,2022-10-23,-4 week ahead inc case,quantile,0.1,seasonal_influenza,602
DE,05-14,2022-11-20,2022-10-23,-4 week ahead inc case,quantile,0.25,seasonal_influenza,602
DE,05-14,2022-11-20,2022-10-23,-4 week ahead inc case,quantile,0.5,seasonal_influenza,602
DE,05-14,2022-11-20,2022-10-23,-4 week ahead inc case,quantile,0.75,seasonal_influenza,603.5
DE,05-14,2022-11-20,2022-10-23,-4 week ahead inc case,quantile,0.9,seasonal_influenza,605.5
DE,05-14,2022-11-20,2022-10-23,-4 week ahead inc case,quantile,0.975,seasonal_influenza,610
DE,05-14,2022-11-20,2022-10-30,-3 week ahead inc case,mean,NA,seasonal_influenza,757.3879999999999
DE,05-14,2022-11-20,2022-10-30,-3 week ahead inc case,quantile,0.025,seasonal_influenza,751.5
DE,05-14,2022-11-20,2022-10-30,-3 week ahead inc case,quantile,0.1,seasonal_influenza,752
DE,05-14,2022-11-20,2022-10-30,-3 week ahead inc case,quantile,0.25,seasonal_influenza,752.5
DE,05-14,2022-11-20,2022-10-30,-3 week ahead inc case,quantile,0.5,seasonal_influenza,753.5
DE,05-14,2022-11-20,2022-10-30,-3 week ahead inc case,quantile,0.75,seasonal_influenza,758.5
DE,05-14,2022-11-20,2022-10-30,-3 week ahead inc case,quantile,0.9,seasonal_influenza,767.5
DE,05-14,2022-11-20,2022-10-30,-3 week ahead inc case,quantile,0.975,seasonal_influenza,785.5
DE,05-14,2022-11-20,2022-11-06,-2 week ahead inc case,mean,NA,seasonal_influenza,676.384
DE,05-14,2022-11-20,2022-11-06,-2 week ahead inc case,quantile,0.025,seasonal_influenza,665
DE,05-14,2022-11-20,2022-11-06,-2 week ahead inc case,quantile,0.1,seasonal_influenza,666
DE,05-14,2022-11-20,2022-11-06,-2 week ahead inc case,quantile,0.25,seasonal_influenza,667
DE,05-14,2022-11-20,2022-11-06,-2 week ahead inc case,quantile,0.5,seasonal_influenza,669.5
DE,05-14,2022-11-20,2022-11-06,-2 week ahead inc case,quantile,0.75,seasonal_influenza,678
DE,05-14,2022-11-20,2022-11-06,-2 week ahead inc case,quantile,0.9,seasonal_influenza,695.5
DE,05-14,2022-11-20,2022-11-06,-2 week ahead inc case,quantile,0.975,seasonal_influenza,729
DE,05-14,2022-11-20,2022-11-13,-1 week ahead inc case,mean,NA,seasonal_influenza,1051.8345
DE,05-14,2022-11-20,2022-11-13,-1 week ahead inc case,quantile,0.025,seasonal_influenza,1028.5
DE,05-14,2022-11-20,2022-11-13,-1 week ahead inc case,quantile,0.1,seasonal_influenza,1030
DE,05-14,2022-11-20,2022-11-13,-1 week ahead inc case,quantile,0.25,seasonal_influenza,1032
DE,05-14,2022-11-20,2022-11-13,-1 week ahead inc case,quantile,0.5,seasonal_influenza,1037.5
DE,05-14,2022-11-20,2022-11-13,-1 week ahead inc case,quantile,0.75,seasonal_influenza,1055
DE,05-14,2022-11-20,2022-11-13,-1 week ahead inc case,quantile,0.9,seasonal_influenza,1090.5
DE,05-14,2022-11-20,2022-11-13,-1 week ahead inc case,quantile,0.975,seasonal_influenza,1158.5
DE,05-14,2022-11-20,2022-11-20,0 week ahead inc case,mean,NA,seasonal_influenza,2292.3395
DE,05-14,2022-11-20,2022-11-20,0 week ahead inc case,quantile,0.025,seasonal_influenza,2072.5
DE,05-14,2022-11-20,2022-11-20,0 week ahead inc case,quantile,0.1,seasonal_influenza,2105.5
DE,05-14,2022-11-20,2022-11-20,0 week ahead inc case,quantile,0.25,seasonal_influenza,2148.5
DE,05-14,2022-11-20,2022-11-20,0 week ahead inc case,quantile,0.5,seasonal_influenza,2227
DE,05-14,2022-11-20,2022-11-20,0 week ahead inc case,quantile,0.75,seasonal_influenza,2359
DE,05-14,2022-11-20,2022-11-20,0 week ahead inc case,quantile,0.9,seasonal_influenza,2537.5
DE,05-14,2022-11-20,2022-11-20,0 week ahead inc case,quantile,0.975,seasonal_influenza,2875
DE,15-34,2022-11-20,2022-10-23,-4 week ahead inc case,mean,NA,seasonal_influenza,479.5
DE,15-34,2022-11-20,2022-10-23,-4 week ahead inc case,quantile,0.025,seasonal_influenza,476.5
DE,15-34,2022-11-20,2022-10-23,-4 week ahead inc case,quantile,0.1,seasonal_influenza,477
DE,15-34,2022-11-20,2022-10-23,-4 week ahead inc case,quantile,0.25,seasonal_influenza,478
DE,15-34,2022-11-20,2022-10-23,-4 week ahead inc case,quantile,0.5,seasonal_influenza,479
DE,15-34,2022-11-20,2022-10-23,-4 week ahead inc case,quantile,0.75,seasonal_influenza,481
DE,15-34,2022-11-20,2022-10-23,-4 week ahead inc case,quantile,0.9,seasonal_influenza,483
DE,15-34,2022-11-20,2022-10-23,-4 week ahead inc case,quantile,0.975,seasonal_influenza,486.5
DE,15-34,2022-11-20,2022-10-30,-3 week ahead inc case,mean,NA,seasonal_influenza,539.7075
DE,15-34,2022-11-20,2022-10-30,-3 week ahead inc case,quantile,0.025,seasonal_influenza,530
DE,15-34,2022-11-20,2022-10-30,-3 week ahead inc case,quantile,0.1,seasonal_influenza,532
DE,15-34,2022-11-20,2022-10-30,-3 week ahead inc case,quantile,0.25,seasonal_influenza,534
DE,15-34,2022-11-20,2022-10-30,-3 week ahead inc case,quantile,0.5,seasonal_influenza,538
DE,15-34,2022-11-20,2022-10-30,-3 week ahead inc case,quantile,0.75,seasonal_influenza,543
DE,15-34,2022-11-20,2022-10-30,-3 week ahead inc case,quantile,0.9,seasonal_influenza,549.5
DE,15-34,2022-11-20,2022-10-30,-3 week ahead inc case,quantile,0.975,seasonal_influenza,558
DE,15-34,2022-11-20,2022-11-06,-2 week ahead inc case,mean,NA,seasonal_influenza,614.5989999999999
DE,15-34,2022-11-20,2022-11-06,-2 week ahead inc case,quantile,0.025,seasonal_influenza,597.5
DE,15-34,2022-11-20,2022-11-06,-2 week ahead inc case,quantile,0.1,seasonal_influenza,601
DE,15-34,2022-11-20,2022-11-06,-2 week ahead inc case,quantile,0.25,seasonal_influenza,606
DE,15-34,2022-11-20,2022-11-06,-2 week ahead inc case,quantile,0.5,seasonal_influenza,612
DE,15-34,2022-11-20,2022-11-06,-2 week ahead inc case,quantile,0.75,seasonal_influenza,620
DE,15-34,2022-11-20,2022-11-06,-2 week ahead inc case,quantile,0.9,seasonal_influenza,629.5
DE,15-34,2022-11-20,2022-11-06,-2 week ahead inc case,quantile,0.975,seasonal_influenza,648
DE,15-34,2022-11-20,2022-11-13,-1 week ahead inc case,mean,NA,seasonal_influenza,951.124
DE,15-34,2022-11-20,2022-11-13,-1 week ahead inc case,quantile,0.025,seasonal_influenza,921.5
DE,15-34,2022-11-20,2022-11-13,-1 week ahead inc case,quantile,0.1,seasonal_influenza,928.5
DE,15-34,2022-11-20,2022-11-13,-1 week ahead inc case,quantile,0.25,seasonal_influenza,936
DE,15-34,2022-11-20,2022-11-13,-1 week ahead inc case,quantile,0.5,seasonal_influenza,947
DE,15-34,2022-11-20,2022-11-13,-1 week ahead inc case,quantile,0.75,seasonal_influenza,960.5
DE,15-34,2022-11-20,2022-11-13,-1 week ahead inc case,quantile,0.9,seasonal_influenza,977
DE,15-34,2022-11-20,2022-11-13,-1 week ahead inc case,quantile,0.975,seasonal_influenza,1004.5
DE,15-34,2022-11-20,2022-11-20,0 week ahead inc case,mean,NA,seasonal_influenza,1699.4675
DE,15-34,2022-11-20,2022-11-20,0 week ahead inc case,quantile,0.025,seasonal_influenza,1552.5
DE,15-34,2022-11-20,2022-11-20,0 week ahead inc case,quantile,0.1,seasonal_influenza,1577
DE,15-34,2022-11-20,2022-11-20,0 week ahead inc case,quantile,0.25,seasonal_influenza,1606
DE,15-34,2022-11-20,2022-11-20,0 week ahead inc case,quantile,0.5,seasonal_influenza,1652.5
DE,15-34,2022-11-20,2022-11-20,0 week ahead inc case,quantile,0.75,seasonal_influenza,1731.5
DE,15-34,2022-11-20,2022-11-20,0 week ahead inc case,quantile,0.9,seasonal_influenza,1864
DE,15-34,2022-11-20,2022-11-20,0 week ahead inc case,quantile,0.975,seasonal_influenza,2110
DE,35-59,2022-11-20,2022-10-23,-4 week ahead inc case,mean,NA,seasonal_influenza,372.5
DE,35-59,2022-11-20,2022-10-23,-4 week ahead inc case,quantile,0.025,seasonal_influenza,370
DE,35-59,2022-11-20,2022-10-23,-4 week ahead inc case,quantile,0.1,seasonal_influenza,370
DE,35-59,2022-11-20,2022-10-23,-4 week ahead inc case,quantile,0.25,seasonal_influenza,370.5
DE,35-59,2022-11-20,2022-10-23,-4 week ahead inc case,quantile,0.5,seasonal_influenza,371.5
DE,35-59,2022-11-20,2022-10-23,-4 week ahead inc case,quantile,0.75,seasonal_influenza,373
DE,35-59,2022-11-20,2022-10-23,-4 week ahead inc case,quantile,0.9,seasonal_influenza,376
DE,35-59,2022-11-20,2022-10-23,-4 week ahead inc case,quantile,0.975,seasonal_influenza,380.5
DE,35-59,2022-11-20,2022-10-30,-3 week ahead inc case,mean,NA,seasonal_influenza,436.13
DE,35-59,2022-11-20,2022-10-30,-3 week ahead inc case,quantile,0.025,seasonal_influenza,427
DE,35-59,2022-11-20,2022-10-30,-3 week ahead inc case,quantile,0.1,seasonal_influenza,428.5
DE,35-59,2022-11-20,2022-10-30,-3 week ahead inc case,quantile,0.25,seasonal_influenza,430.5
DE,35-59,2022-11-20,2022-10-30,-3 week ahead inc case,quantile,0.5,seasonal_influenza,434
DE,35-59,2022-11-20,2022-10-30,-3 week ahead inc case,quantile,0.75,seasonal_influenza,439.5
DE,35-59,2022-11-20,2022-10-30,-3 week ahead inc case,quantile,0.9,seasonal_influenza,446.5
DE,35-59,2022-11-20,2022-10-30,-3 week ahead inc case,quantile,0.975,seasonal_influenza,457.5
DE,35-59,2022-11-20,2022-11-06,-2 week ahead inc case,mean,NA,seasonal_influenza,468.5725
DE,35-59,2022-11-20,2022-11-06,-2 week ahead inc case,quantile,0.025,seasonal_influenza,454.5
DE,35-59,2022-11-20,2022-11-06,-2 week ahead inc case,quantile,0.1,seasonal_influenza,457.5
DE,35-59,2022-11-20,2022-11-06,-2 week ahead inc case,quantile,0.25,seasonal_influenza,460.5
DE,35-59,2022-11-20,2022-11-06,-2 week ahead inc case,quantile,0.5,seasonal_influenza,466
DE,35-59,2022-11-20,2022-11-06,-2 week ahead inc case,quantile,0.75,seasonal_influenza,474.5
DE,35-59,2022-11-20,2022-11-06,-2 week ahead inc case,quantile,0.9,seasonal_influenza,483.5
DE,35-59,2022-11-20,2022-11-06,-2 week ahead inc case,quantile,0.975,seasonal_influenza,497.5
DE,35-59,2022-11-20,2022-11-13,-1 week ahead inc case,mean,NA,seasonal_influenza,769.2950000000001
DE,35-59,2022-11-20,2022-11-13,-1 week ahead inc case,quantile,0.025,seasonal_influenza,743
DE,35-59,2022-11-20,2022-11-13,-1 week ahead inc case,quantile,0.1,seasonal_influenza,748.5
DE,35-59,2022-11-20,2022-11-13,-1 week ahead inc case,quantile,0.25,seasonal_influenza,755
DE,35-59,2022-11-20,2022-11-13,-1 week ahead inc case,quantile,0.5,seasonal_influenza,765.5
DE,35-59,2022-11-20,2022-11-13,-1 week ahead inc case,quantile,0.75,seasonal_influenza,778.5
DE,35-59,2022-11-20,2022-11-13,-1 week ahead inc case,quantile,0.9,seasonal_influenza,795
DE,35-59,2022-11-20,2022-11-13,-1 week ahead inc case,quantile,0.975,seasonal_influenza,817
DE,35-59,2022-11-20,2022-11-20,0 week ahead inc case,mean,NA,seasonal_influenza,1385.3705
DE,35-59,2022-11-20,2022-11-20,0 week ahead inc case,quantile,0.025,seasonal_influenza,1252.5
DE,35-59,2022-11-20,2022-11-20,0 week ahead inc case,quantile,0.1,seasonal_influenza,1270
DE,35-59,2022-11-20,2022-11-20,0 week ahead inc case,quantile,0.25,seasonal_influenza,1292
DE,35-59,2022-11-20,2022-11-20,0 week ahead inc case,quantile,0.5,seasonal_influenza,1336
DE,35-59,2022-11-20,2022-11-20,0 week ahead inc case,quantile,0.75,seasonal_influenza,1419.5
DE,35-59,2022-11-20,2022-11-20,0 week ahead inc case,quantile,0.9,seasonal_influenza,1551.5
DE,35-59,2022-11-20,2022-11-20,0 week ahead inc case,quantile,0.975,seasonal_influenza,1802.5
DE,60-79,2022-11-20,2022-10-23,-4 week ahead inc case,mean,NA,seasonal_influenza,134
DE,60-79,2022-11-20,2022-10-23,-4 week ahead inc case,quantile,0.025,seasonal_influenza,133.5
DE,60-79,2022-11-20,2022-10-23,-4 week ahead inc case,quantile,0.1,seasonal_influenza,133.5
DE,60-79,2022-11-20,2022-10-23,-4 week ahead inc case,quantile,0.25,seasonal_influenza,133.5
DE,60-79,2022-11-20,2022-10-23,-4 week ahead inc case,quantile,0.5,seasonal_influenza,134
DE,60-79,2022-11-20,2022-10-23,-4 week ahead inc case,quantile,0.75,seasonal_influenza,134.5
DE,60-79,2022-11-20,2022-10-23,-4 week ahead inc case,quantile,0.9,seasonal_influenza,135
DE,60-79,2022-11-20,2022-10-23,-4 week ahead inc case,quantile,0.975,seasonal_influenza,135.5
DE,60-79,2022-11-20,2022-10-30,-3 week ahead inc case,mean,NA,seasonal_influenza,151.235
DE,60-79,2022-11-20,2022-10-30,-3 week ahead inc case,quantile,0.025,seasonal_influenza,149
DE,60-79,2022-11-20,2022-10-30,-3 week ahead inc case,quantile,0.1,seasonal_influenza,149.5
DE,60-79,2022-11-20,2022-10-30,-3 week ahead inc case,quantile,0.25,seasonal_influenza,150
DE,60-79,2022-11-20,2022-10-30,-3 week ahead inc case,quantile,0.5,seasonal_influenza,151
DE,60-79,2022-11-20,2022-10-30,-3 week ahead inc case,quantile,0.75,seasonal_influenza,152
DE,60-79,2022-11-20,2022-10-30,-3 week ahead inc case,quantile,0.9,seasonal_influenza,153.5
DE,60-79,2022-11-20,2022-10-30,-3 week ahead inc case,quantile,0.975,seasonal_influenza,155
DE,60-79,2022-11-20,2022-11-06,-2 week ahead inc case,mean,NA,seasonal_influenza,149.30450000000002
DE,60-79,2022-11-20,2022-11-06,-2 week ahead inc case,quantile,0.025,seasonal_influenza,146
DE,60-79,2022-11-20,2022-11-06,-2 week ahead inc case,quantile,0.1,seasonal_influenza,147
DE,60-79,2022-11-20,2022-11-06,-2 week ahead inc case,quantile,0.25,seasonal_influenza,147.5
DE,60-79,2022-11-20,2022-11-06,-2 week ahead inc case,quantile,0.5,seasonal_influenza,149
DE,60-79,2022-11-20,2022-11-06,-2 week ahead inc case,quantile,0.75,seasonal_influenza,150.5
DE,60-79,2022-11-20,2022-11-06,-2 week ahead inc case,quantile,0.9,seasonal_influenza,152
DE,60-79,2022-11-20,2022-11-06,-2 week ahead inc case,quantile,0.975,seasonal_influenza,154
DE,60-79,2022-11-20,2022-11-13,-1 week ahead inc case,mean,NA,seasonal_influenza,268.91999999999996
DE,60-79,2022-11-20,2022-11-13,-1 week ahead inc case,quantile,0.025,seasonal_influenza,261.5
DE,60-79,2022-11-20,2022-11-13,-1 week ahead inc case,quantile,0.1,seasonal_influenza,263
DE,60-79,2022-11-20,2022-11-13,-1 week ahead inc case,quantile,0.25,seasonal_influenza,265.5
DE,60-79,2022-11-20,2022-11-13,-1 week ahead inc case,quantile,0.5,seasonal_influenza,268
DE,60-79,2022-11-20,2022-11-13,-1 week ahead inc case,quantile,0.75,seasonal_influenza,271.5
DE,60-79,2022-11-20,2022-11-13,-1 week ahead inc case,quantile,0.9,seasonal_influenza,275
DE,60-79,2022-11-20,2022-11-13,-1 week ahead inc case,quantile,0.975,seasonal_influenza,279.5
DE,60-79,2022-11-20,2022-11-20,0 week ahead inc case,mean,NA,seasonal_influenza,407.817
DE,60-79,2022-11-20,2022-11-20,0 week ahead inc case,quantile,0.025,seasonal_influenza,381
DE,60-79,2022-11-20,2022-11-20,0 week ahead inc case,quantile,0.1,seasonal_influenza,388
DE,60-79,2022-11-20,2022-11-20,0 week ahead inc case,quantile,0.25,seasonal_influenza,395.5
DE,60-79,2022-11-20,2022-11-20,0 week ahead inc case,quantile,0.5,seasonal_influenza,405.5
DE,60-79,2022-11-20,2022-11-20,0 week ahead inc case,quantile,0.75,seasonal_influenza,417.5
DE,60-79,2022-11-20,2022-11-20,0 week ahead inc case,quantile,0.9,seasonal_influenza,430
DE,60-79,2022-11-20,2022-11-20,0 week ahead inc case,quantile,0.975,seasonal_influenza,446.5
DE,80+,2022-11-20,2022-10-23,-4 week ahead inc case,mean,NA,seasonal_influenza,56
DE,80+,2022-11-20,2022-10-23,-4 week ahead inc case,quantile,0.025,seasonal_influenza,55
DE,80+,2022-11-20,2022-10-23,-4 week ahead inc case,quantile,0.1,seasonal_influenza,55
DE,80+,2022-11-20,2022-10-23,-4 week ahead inc case,quantile,0.25,seasonal_influenza,55.5
DE,80+,2022-11-20,2022-10-23,-4 week ahead inc case,quantile,0.5,seasonal_influenza,56
DE,80+,2022-11-20,2022-10-23,-4 week ahead inc case,quantile,0.75,seasonal_influenza,56.5
DE,80+,2022-11-20,2022-10-23,-4 week ahead inc case,quantile,0.9,seasonal_influenza,57
DE,80+,2022-11-20,2022-10-23,-4 week ahead inc case,quantile,0.975,seasonal_influenza,57.5
DE,80+,2022-11-20,2022-10-30,-3 week ahead inc case,mean,NA,seasonal_influenza,50.3245
DE,80+,2022-11-20,2022-10-30,-3 week ahead inc case,quantile,0.025,seasonal_influenza,48.5
DE,80+,2022-11-20,2022-10-30,-3 week ahead inc case,quantile,0.1,seasonal_influenza,48.5
DE,80+,2022-11-20,2022-10-30,-3 week ahead inc case,quantile,0.25,seasonal_influenza,49
DE,80+,2022-11-20,2022-10-30,-3 week ahead inc case,quantile,0.5,seasonal_influenza,50
DE,80+,2022-11-20,2022-10-30,-3 week ahead inc case,quantile,0.75,seasonal_influenza,51
DE,80+,2022-11-20,2022-10-30,-3 week ahead inc case,quantile,0.9,seasonal_influenza,52
DE,80+,2022-11-20,2022-10-30,-3 week ahead inc case,quantile,0.975,seasonal_influenza,53.5
DE,80+,2022-11-20,2022-11-06,-2 week ahead inc case,mean,NA,seasonal_influenza,77.56049999999999
DE,80+,2022-11-20,2022-11-06,-2 week ahead inc case,quantile,0.025,seasonal_influenza,74.5
DE,80+,2022-11-20,2022-11-06,-2 week ahead inc case,quantile,0.1,seasonal_influenza,75
DE,80+,2022-11-20,2022-11-06,-2 week ahead inc case,quantile,0.25,seasonal_influenza,76
DE,80+,2022-11-20,2022-11-06,-2 week ahead inc case,quantile,0.5,seasonal_influenza,77.5
DE,80+,2022-11-20,2022-11-06,-2 week ahead inc case,quantile,0.75,seasonal_influenza,79
DE,80+,2022-11-20,2022-11-06,-2 week ahead inc case,quantile,0.9,seasonal_influenza,80
DE,80+,2022-11-20,2022-11-06,-2 week ahead inc case,quantile,0.975,seasonal_influenza,82
DE,80+,2022-11-20,2022-11-13,-1 week ahead inc case,mean,NA,seasonal_influenza,74.2085
DE,80+,2022-11-20,2022-11-13,-1 week ahead inc case,quantile,0.025,seasonal_influenza,69.5
DE,80+,2022-11-20,2022-11-13,-1 week ahead inc case,quantile,0.1,seasonal_influenza,70.5
DE,80+,2022-11-20,2022-11-13,-1 week ahead inc case,quantile,0.25,seasonal_influenza,72
DE,80+,2022-11-20,2022-11-13,-1 week ahead inc case,quantile,0.5,seasonal_influenza,74
DE,80+,2022-11-20,2022-11-13,-1 week ahead inc case,quantile,0.75,seasonal_influenza,76
DE,80+,2022-11-20,2022-11-13,-1 week ahead inc case,quantile,0.9,seasonal_influenza,78.5
DE,80+,2022-11-20,2022-11-13,-1 week ahead inc case,quantile,0.975,seasonal_influenza,81
DE,80+,2022-11-20,2022-11-20,0 week ahead inc case,mean,NA,seasonal_influenza,163.77100000000002
DE,80+,2022-11-20,2022-11-20,0 week ahead inc case,quantile,0.025,seasonal_influenza,151
DE,80+,2022-11-20,2022-11-20,0 week ahead inc case,quantile,0.1,seasonal_influenza,154.5
DE,80+,2022-11-20,2022-11-20,0 week ahead inc case,quantile,0.25,seasonal_influenza,158
DE,80+,2022-11-20,2022-11-20,0 week ahead inc case,quantile,0.5,seasonal_influenza,162.5
DE,80+,2022-11-20,2022-11-20,0 week ahead inc case,quantile,0.75,seasonal_influenza,168.5
DE,80+,2022-11-20,2022-11-20,0 week ahead inc case,quantile,0.9,seasonal_influenza,174
DE,80+,2022-11-20,2022-11-20,0 week ahead inc case,quantile,0.975,seasonal_influenza,181
DE-BB,00+,2022-11-20,2022-10-23,-4 week ahead inc case,mean,NA,seasonal_influenza,23
DE-BB,00+,2022-11-20,2022-10-23,-4 week ahead inc case,quantile,0.025,seasonal_influenza,23
DE-BB,00+,2022-11-20,2022-10-23,-4 week ahead inc case,quantile,0.1,seasonal_influenza,23
DE-BB,00+,2022-11-20,2022-10-23,-4 week ahead inc case,quantile,0.25,seasonal_influenza,23
DE-BB,00+,2022-11-20,2022-10-23,-4 week ahead inc case,quantile,0.5,seasonal_influenza,23
DE-BB,00+,2022-11-20,2022-10-23,-4 week ahead inc case,quantile,0.75,seasonal_influenza,23
DE-BB,00+,2022-11-20,2022-10-23,-4 week ahead inc case,quantile,0.9,seasonal_influenza,23.5
DE-BB,00+,2022-11-20,2022-10-23,-4 week ahead inc case,quantile,0.975,seasonal_influenza,24
DE-BB,00+,2022-11-20,2022-10-30,-3 week ahead inc case,mean,NA,seasonal_influenza,20.130000000000003
DE-BB,00+,2022-11-20,2022-10-30,-3 week ahead inc case,quantile,0.025,seasonal_influenza,20
DE-BB,00+,2022-11-20,2022-10-30,-3 week ahead inc case,quantile,0.1,seasonal_influenza,20
DE-BB,00+,2022-11-20,2022-10-30,-3 week ahead inc case,quantile,0.25,seasonal_influenza,20
DE-BB,00+,2022-11-20,2022-10-30,-3 week ahead inc case,quantile,0.5,seasonal_influenza,20
DE-BB,00+,2022-11-20,2022-10-30,-3 week ahead inc case,quantile,0.75,seasonal_influenza,20
DE-BB,00+,2022-11-20,2022-10-30,-3 week ahead inc case,quantile,0.9,seasonal_influenza,21
DE-BB,00+,2022-11-20,2022-10-30,-3 week ahead inc case,quantile,0.975,seasonal_influenza,23
DE-BB,00+,2022-11-20,2022-11-06,-2 week ahead inc case,mean,NA,seasonal_influenza,32.7275
DE-BB,00+,2022-11-20,2022-11-06,-2 week ahead inc case,quantile,0.025,seasonal_influenza,32
DE-BB,00+,2022-11-20,2022-11-06,-2 week ahead inc case,quantile,0.1,seasonal_influenza,32
DE-BB,00+,2022-11-20,2022-11-06,-2 week ahead inc case,quantile,0.25,seasonal_influenza,32
DE-BB,00+,2022-11-20,2022-11-06,-2 week ahead inc case,quantile,0.5,seasonal_influenza,32
DE-BB,00+,2022-11-20,2022-11-06,-2 week ahead inc case,quantile,0.75,seasonal_influenza,33
DE-BB,00+,2022-11-20,2022-11-06,-2 week ahead inc case,quantile,0.9,seasonal_influenza,33.5
DE-BB,00+,2022-11-20,2022-11-06,-2 week ahead inc case,quantile,0.975,seasonal_influenza,36
DE-BB,00+,2022-11-20,2022-11-13,-1 week ahead inc case,mean,NA,seasonal_influenza,48.498999999999995
DE-BB,00+,2022-11-20,2022-11-13,-1 week ahead inc case,quantile,0.025,seasonal_influenza,47
DE-BB,00+,2022-11-20,2022-11-13,-1 week ahead inc case,quantile,0.1,seasonal_influenza,47
DE-BB,00+,2022-11-20,2022-11-13,-1 week ahead inc case,quantile,0.25,seasonal_influenza,47
DE-BB,00+,2022-11-20,2022-11-13,-1 week ahead inc case,quantile,0.5,seasonal_influenza,47.5
DE-BB,00+,2022-11-20,2022-11-13,-1 week ahead inc case,quantile,0.75,seasonal_influenza,49
DE-BB,00+,2022-11-20,2022-11-13,-1 week ahead inc case,quantile,0.9,seasonal_influenza,50.5
DE-BB,00+,2022-11-20,2022-11-13,-1 week ahead inc case,quantile,0.975,seasonal_influenza,54.5
DE-BB,00+,2022-11-20,2022-11-20,0 week ahead inc case,mean,NA,seasonal_influenza,97.5155
DE-BB,00+,2022-11-20,2022-11-20,0 week ahead inc case,quantile,0.025,seasonal_influenza,88.5
DE-BB,00+,2022-11-20,2022-11-20,0 week ahead inc case,quantile,0.1,seasonal_influenza,90
DE-BB,00+,2022-11-20,2022-11-20,0 week ahead inc case,quantile,0.25,seasonal_influenza,92
DE-BB,00+,2022-11-20,2022-11-20,0 week ahead inc case,quantile,0.5,seasonal_influenza,95.5
DE-BB,00+,2022-11-20,2022-11-20,0 week ahead inc case,quantile,0.75,seasonal_influenza,101.5
DE-BB,00+,2022-11-20,2022-11-20,0 week ahead inc case,quantile,0.9,seasonal_influenza,109
DE-BB,00+,2022-11-20,2022-11-20,0 week ahead inc case,quantile,0.975,seasonal_influenza,120.5
DE-BE,00+,2022-11-20,2022-10-23,-4 week ahead inc case,mean,NA,seasonal_influenza,58
DE-BE,00+,2022-11-20,2022-10-23,-4 week ahead inc case,quantile,0.025,seasonal_influenza,58
DE-BE,00+,2022-11-20,2022-10-23,-4 week ahead inc case,quantile,0.1,seasonal_influenza,58
DE-BE,00+,2022-11-20,2022-10-23,-4 week ahead inc case,quantile,0.25,seasonal_influenza,58
DE-BE,00+,2022-11-20,2022-10-23,-4 week ahead inc case,quantile,0.5,seasonal_influenza,58
DE-BE,00+,2022-11-20,2022-10-23,-4 week ahead inc case,quantile,0.75,seasonal_influenza,58
DE-BE,00+,2022-11-20,2022-10-23,-4 week ahead inc case,quantile,0.9,seasonal_influenza,58.5
DE-BE,00+,2022-11-20,2022-10-23,-4 week ahead inc case,quantile,0.975,seasonal_influenza,59.5
DE-BE,00+,2022-11-20,2022-10-30,-3 week ahead inc case,mean,NA,seasonal_influenza,66.6645
DE-BE,00+,2022-11-20,2022-10-30,-3 week ahead inc case,quantile,0.025,seasonal_influenza,66
DE-BE,00+,2022-11-20,2022-10-30,-3 week ahead inc case,quantile,0.1,seasonal_influenza,66
DE-BE,00+,2022-11-20,2022-10-30,-3 week ahead inc case,quantile,0.25,seasonal_influenza,66
DE-BE,00+,2022-11-20,2022-10-30,-3 week ahead inc case,quantile,0.5,seasonal_influenza,66
DE-BE,00+,2022-11-20,2022-10-30,-3 week ahead inc case,quantile,0.75,seasonal_influenza,66.5
DE-BE,00+,2022-11-20,2022-10-30,-3 week ahead inc case,quantile,0.9,seasonal_influenza,67.5
DE-BE,00+,2022-11-20,2022-10-30,-3 week ahead inc case,quantile,0.975,seasonal_influenza,69.5
DE-BE,00+,2022-11-20,2022-11-06,-2 week ahead inc case,mean,NA,seasonal_influenza,58.7675
DE-BE,00+,2022-11-20,2022-11-06,-2 week ahead inc case,quantile,0.025,seasonal_influenza,58
DE-BE,00+,2022-11-20,2022-11-06,-2 week ahead inc case,quantile,0.1,seasonal_influenza,58
DE-BE,00+,2022-11-20,2022-11-06,-2 week ahead inc case,quantile,0.25,seasonal_influenza,58
DE-BE,00+,2022-11-20,2022-11-06,-2 week ahead inc case,quantile,0.5,seasonal_influenza,58
DE-BE,00+,2022-11-20,2022-11-06,-2 week ahead inc case,quantile,0.75,seasonal_influenza,59
DE-BE,00+,2022-11-20,2022-11-06,-2 week ahead inc case,quantile,0.9,seasonal_influenza,60.5
DE-BE,00+,2022-11-20,2022-11-06,-2 week ahead inc case,quantile,0.975,seasonal_influenza,63
DE-BE,00+,2022-11-20,2022-11-13,-1 week ahead inc case,mean,NA,seasonal_influenza,63.5815
DE-BE,00+,2022-11-20,2022-11-13,-1 week ahead inc case,quantile,0.025,seasonal_influenza,62
DE-BE,00+,2022-11-20,2022-11-13,-1 week ahead inc case,quantile,0.1,seasonal_influenza,62
DE-BE,00+,2022-11-20,2022-11-13,-1 week ahead inc case,quantile,0.25,seasonal_influenza,62
DE-BE,00+,2022-11-20,2022-11-13,-1 week ahead inc case,quantile,0.5,seasonal_influenza,63
DE-BE,00+,2022-11-20,2022-11-13,-1 week ahead inc case,quantile,0.75,seasonal_influenza,64.5
DE-BE,00+,2022-11-20,2022-11-13,-1 week ahead inc case,quantile,0.9,seasonal_influenza,67
DE-BE,00+,2022-11-20,2022-11-13,-1 week ahead inc case,quantile,0.975,seasonal_influenza,71
DE-BE,00+,2022-11-20,2022-11-20,0 week ahead inc case,mean,NA,seasonal_influenza,132.60250000000002
DE-BE,00+,2022-11-20,2022-11-20,0 week ahead inc case,quantile,0.025,seasonal_influenza,124.5
DE-BE,00+,2022-11-20,2022-11-20,0 week ahead inc case,quantile,0.1,seasonal_influenza,126
DE-BE,00+,2022-11-20,2022-11-20,0 week ahead inc case,quantile,0.25,seasonal_influenza,128
DE-BE,00+,2022-11-20,2022-11-20,0 week ahead inc case,quantile,0.5,seasonal_influenza,131.5
DE-BE,00+,2022-11-20,2022-11-20,0 week ahead inc case,quantile,0.75,seasonal_influenza,135
DE-BE,00+,2022-11-20,2022-11-20,0 week ahead inc case,quantile,0.9,seasonal_influenza,140.5
DE-BE,00+,2022-11-20,2022-11-20,0 week ahead inc case,quantile,0.975,seasonal_influenza,147.5
DE-BW,00+,2022-11-20,2022-10-23,-4 week ahead inc case,mean,NA,seasonal_influenza,98.5
DE-BW,00+,2022-11-20,2022-10-23,-4 week ahead inc case,quantile,0.025,seasonal_influenza,98
DE-BW,00+,2022-11-20,2022-10-23,-4 week ahead inc case,quantile,0.1,seasonal_influenza,98
DE-BW,00+,2022-11-20,2022-10-23,-4 week ahead inc case,quantile,0.25,seasonal_influenza,98
DE-BW,00+,2022-11-20,2022-10-23,-4 week ahead inc case,quantile,0.5,seasonal_influenza,98
DE-BW,00+,2022-11-20,2022-10-23,-4 week ahead inc case,quantile,0.75,seasonal_influenza,98.5
DE-BW,00+,2022-11-20,2022-10-23,-4 week ahead inc case,quantile,0.9,seasonal_influenza,99
DE-BW,00+,2022-11-20,2022-10-23,-4 week ahead inc case,quantile,0.975,seasonal_influenza,100.5
DE-BW,00+,2022-11-20,2022-10-30,-3 week ahead inc case,mean,NA,seasonal_influenza,142.243
DE-BW,00+,2022-11-20,2022-10-30,-3 week ahead inc case,quantile,0.025,seasonal_influenza,141
DE-BW,00+,2022-11-20,2022-10-30,-3 week ahead inc case,quantile,0.1,seasonal_influenza,141
DE-BW,00+,2022-11-20,2022-10-30,-3 week ahead inc case,quantile,0.25,seasonal_influenza,141
DE-BW,00+,2022-11-20,2022-10-30,-3 week ahead inc case,quantile,0.5,seasonal_influenza,141
DE-BW,00+,2022-11-20,2022-10-30,-3 week ahead inc case,quantile,0.75,seasonal_influenza,142.5
DE-BW,00+,2022-11-20,2022-10-30,-3 week ahead inc case,quantile,0.9,seasonal_influenza,145
DE-BW,00+,2022-11-20,2022-10-30,-3 week ahead inc case,quantile,0.975,seasonal_influenza,148.5
DE-BW,00+,2022-11-20,2022-11-06,-2 week ahead inc case,mean,NA,seasonal_influenza,140.04649999999998
DE-BW,00+,2022-11-20,2022-11-06,-2 week ahead inc case,quantile,0.025,seasonal_influenza,138
DE-BW,00+,2022-11-20,2022-11-06,-2 week ahead inc case,quantile,0.1,seasonal_influenza,138
DE-BW,00+,2022-11-20,2022-11-06,-2 week ahead inc case,quantile,0.25,seasonal_influenza,138
DE-BW,00+,2022-11-20,2022-11-06,-2 week ahead inc case,quantile,0.5,seasonal_influenza,139
DE-BW,00+,2022-11-20,2022-11-06,-2 week ahead inc case,quantile,0.75,seasonal_influenza,141
DE-BW,00+,2022-11-20,2022-11-06,-2 week ahead inc case,quantile,0.9,seasonal_influenza,144
DE-BW,00+,2022-11-20,2022-11-06,-2 week ahead inc case,quantile,0.975,seasonal_influenza,148
DE-BW,00+,2022-11-20,2022-11-13,-1 week ahead inc case,mean,NA,seasonal_influenza,245.2135
DE-BW,00+,2022-11-20,2022-11-13,-1 week ahead inc case,quantile,0.025,seasonal_influenza,240
DE-BW,00+,2022-11-20,2022-11-13,-1 week ahead inc case,quantile,0.1,seasonal_influenza,240.5
DE-BW,00+,2022-11-20,2022-11-13,-1 week ahead inc case,quantile,0.25,seasonal_influenza,242
DE-BW,00+,2022-11-20,2022-11-13,-1 week ahead inc case,quantile,0.5,seasonal_influenza,244
DE-BW,00+,2022-11-20,2022-11-13,-1 week ahead inc case,quantile,0.75,seasonal_influenza,247.5
DE-BW,00+,2022-11-20,2022-11-13,-1 week ahead inc case,quantile,0.9,seasonal_influenza,252.5
DE-BW,00+,2022-11-20,2022-11-13,-1 week ahead inc case,quantile,0.975,seasonal_influenza,259.5
DE-BW,00+,2022-11-20,2022-11-20,0 week ahead inc case,mean,NA,seasonal_influenza,606.15
DE-BW,00+,2022-11-20,2022-11-20,0 week ahead inc case,quantile,0.025,seasonal_influenza,575
DE-BW,00+,2022-11-20,2022-11-20,0 week ahead inc case,quantile,0.1,seasonal_influenza,582
DE-BW,00+,2022-11-20,2022-11-20,0 week ahead inc case,quantile,0.25,seasonal_influenza,589.5
DE-BW,00+,2022-11-20,2022-11-20,0 week ahead inc case,quantile,0.5,seasonal_influenza,602
DE-BW,00+,2022-11-20,2022-11-20,0 week ahead inc case,quantile,0.75,seasonal_influenza,617.5
DE-BW,00+,2022-11-20,2022-11-20,0 week ahead inc case,quantile,0.9,seasonal_influenza,636
DE-BW,00+,2022-11-20,2022-11-20,0 week ahead inc case,quantile,0.975,seasonal_influenza,660
DE-BY,00+,2022-11-20,2022-10-23,-4 week ahead inc case,mean,NA,seasonal_influenza,630.5
DE-BY,00+,2022-11-20,2022-10-23,-4 week ahead inc case,quantile,0.025,seasonal_influenza,626.5
DE-BY,00+,2022-11-20,2022-10-23,-4 week ahead inc case,quantile,0.1,seasonal_influenza,626.5
DE-BY,00+,2022-11-20,2022-10-23,-4 week ahead inc case,quantile,0.25,seasonal_influenza,626.5
DE-BY,00+,2022-11-20,2022-10-23,-4 week ahead inc case,quantile,0.5,seasonal_influenza,627
DE-BY,00+,2022-11-20,2022-10-23,-4 week ahead inc case,quantile,0.75,seasonal_influenza,630.5
DE-BY,00+,2022-11-20,2022-10-23,-4 week ahead inc case,quantile,0.9,seasonal_influenza,638.5
DE-BY,00+,2022-11-20,2022-10-23,-4 week ahead inc case,quantile,0.975,seasonal_influenza,655
DE-BY,00+,2022-11-20,2022-10-30,-3 week ahead inc case,mean,NA,seasonal_influenza,882.7049999999999
DE-BY,00+,2022-11-20,2022-10-30,-3 week ahead inc case,quantile,0.025,seasonal_influenza,867.5
DE-BY,00+,2022-11-20,2022-10-30,-3 week ahead inc case,quantile,0.1,seasonal_influenza,868
DE-BY,00+,2022-11-20,2022-10-30,-3 week ahead inc case,quantile,0.25,seasonal_influenza,869.5
DE-BY,00+,2022-11-20,2022-10-30,-3 week ahead inc case,quantile,0.5,seasonal_influenza,874.5
DE-BY,00+,2022-11-20,2022-10-30,-3 week ahead inc case,quantile,0.75,seasonal_influenza,887
DE-BY,00+,2022-11-20,2022-10-30,-3 week ahead inc case,quantile,0.9,seasonal_influenza,908
DE-BY,00+,2022-11-20,2022-10-30,-3 week ahead inc case,quantile,0.975,seasonal_influenza,945
DE-BY,00+,2022-11-20,2022-11-06,-2 week ahead inc case,mean,NA,seasonal_influenza,911.97
DE-BY,00+,2022-11-20,2022-11-06,-2 week ahead inc case,quantile,0.025,seasonal_influenza,885
DE-BY,00+,2022-11-20,2022-11-06,-2 week ahead inc case,quantile,0.1,seasonal_influenza,888.5
DE-BY,00+,2022-11-20,2022-11-06,-2 week ahead inc case,quantile,0.25,seasonal_influenza,894
DE-BY,00+,2022-11-20,2022-11-06,-2 week ahead inc case,quantile,0.5,seasonal_influenza,905
DE-BY,00+,2022-11-20,2022-11-06,-2 week ahead inc case,quantile,0.75,seasonal_influenza,922.5
DE-BY,00+,2022-11-20,2022-11-06,-2 week ahead inc case,quantile,0.9,seasonal_influenza,944
DE-BY,00+,2022-11-20,2022-11-06,-2 week ahead inc case,quantile,0.975,seasonal_influenza,976
DE-BY,00+,2022-11-20,2022-11-13,-1 week ahead inc case,mean,NA,seasonal_influenza,1235.5594999999998
DE-BY,00+,2022-11-20,2022-11-13,-1 week ahead inc case,quantile,0.025,seasonal_influenza,1194.5
DE-BY,00+,2022-11-20,2022-11-13,-1 week ahead inc case,quantile,0.1,seasonal_influenza,1203.5
DE-BY,00+,2022-11-20,2022-11-13,-1 week ahead inc case,quantile,0.25,seasonal_influenza,1214
DE-BY,00+,2022-11-20,2022-11-13,-1 week ahead inc case,quantile,0.5,seasonal_influenza,1230
DE-BY,00+,2022-11-20,2022-11-13,-1 week ahead inc case,quantile,0.75,seasonal_influenza,1251
DE-BY,00+,2022-11-20,2022-11-13,-1 week ahead inc case,quantile,0.9,seasonal_influenza,1274.5
DE-BY,00+,2022-11-20,2022-11-13,-1 week ahead inc case,quantile,0.975,seasonal_influenza,1305.5
DE-BY,00+,2022-11-20,2022-11-20,0 week ahead inc case,mean,NA,seasonal_influenza,1956.0845
DE-BY,00+,2022-11-20,2022-11-20,0 week ahead inc case,quantile,0.025,seasonal_influenza,1860.5
DE-BY,00+,2022-11-20,2022-11-20,0 week ahead inc case,quantile,0.1,seasonal_influenza,1887.5
DE-BY,00+,2022-11-20,2022-11-20,0 week ahead inc case,quantile,0.25,seasonal_influenza,1915
DE-BY,00+,2022-11-20,2022-11-20,0 week ahead inc case,quantile,0.5,seasonal_influenza,1951.5
DE-BY,00+,2022-11-20,2022-11-20,0 week ahead inc case,quantile,0.75,seasonal_influenza,1991.5
DE-BY,00+,2022-11-20,2022-11-20,0 week ahead inc case,quantile,0.9,seasonal_influenza,2030.5
DE-BY,00+,2022-11-20,2022-11-20,0 week ahead inc case,quantile,0.975,seasonal_influenza,2079
DE-HB,00+,2022-11-20,2022-10-23,-4 week ahead inc case,mean,NA,seasonal_influenza,8
DE-HB,00+,2022-11-20,2022-10-23,-4 week ahead inc case,quantile,0.025,seasonal_influenza,8
DE-HB,00+,2022-11-20,2022-10-23,-4 week ahead inc case,quantile,0.1,seasonal_influenza,8
DE-HB,00+,2022-11-20,2022-10-23,-4 week ahead inc case,quantile,0.25,seasonal_influenza,8
DE-HB,00+,2022-11-20,2022-10-23,-4 week ahead inc case,quantile,0.5,seasonal_influenza,8
DE-HB,00+,2022-11-20,2022-10-23,-4 week ahead inc case,quantile,0.75,seasonal_influenza,8
DE-HB,00+,2022-11-20,2022-10-23,-4 week ahead inc case,quantile,0.9,seasonal_influenza,8
DE-HB,00+,2022-11-20,2022-10-23,-4 week ahead inc case,quantile,0.975,seasonal_influenza,8
DE-HB,00+,2022-11-20,2022-10-30,-3 week ahead inc case,mean,NA,seasonal_influenza,16.0945
DE-HB,00+,2022-11-20,2022-10-30,-3 week ahead inc case,quantile,0.025,seasonal_influenza,16
DE-HB,00+,2022-11-20,2022-10-30,-3 week ahead inc case,quantile,0.1,seasonal_influenza,16
DE-HB,00+,2022-11-20,2022-10-30,-3 week ahead inc case,quantile,0.25,seasonal_influenza,16
DE-HB,00+,2022-11-20,2022-10-30,-3 week ahead inc case,quantile,0.5,seasonal_influenza,16
DE-HB,00+,2022-11-20,2022-10-30,-3 week ahead inc case,quantile,0.75,seasonal_influenza,16
DE-HB,00+,2022-11-20,2022-10-30,-3 week ahead inc case,quantile,0.9,seasonal_influenza,16.5
DE-HB,00+,2022-11-20,2022-10-30,-3 week ahead inc case,quantile,0.975,seasonal_influenza,16.5
DE-HB,00+,2022-11-20,2022-11-06,-2 week ahead inc case,mean,NA,seasonal_influenza,15.1985
DE-HB,00+,2022-11-20,2022-11-06,-2 week ahead inc case,quantile,0.025,seasonal_influenza,15
DE-HB,00+,2022-11-20,2022-11-06,-2 week ahead inc case,quantile,0.1,seasonal_influenza,15
DE-HB,00+,2022-11-20,2022-11-06,-2 week ahead inc case,quantile,0.25,seasonal_influenza,15
DE-HB,00+,2022-11-20,2022-11-06,-2 week ahead inc case,quantile,0.5,seasonal_influenza,15
DE-HB,00+,2022-11-20,2022-11-06,-2 week ahead inc case,quantile,0.75,seasonal_influenza,15.5
DE-HB,00+,2022-11-20,2022-11-06,-2 week ahead inc case,quantile,0.9,seasonal_influenza,15.5
DE-HB,00+,2022-11-20,2022-11-06,-2 week ahead inc case,quantile,0.975,seasonal_influenza,16
DE-HB,00+,2022-11-20,2022-11-13,-1 week ahead inc case,mean,NA,seasonal_influenza,40.400999999999996
DE-HB,00+,2022-11-20,2022-11-13,-1 week ahead inc case,quantile,0.025,seasonal_influenza,40
DE-HB,00+,2022-11-20,2022-11-13,-1 week ahead inc case,quantile,0.1,seasonal_influenza,40
DE-HB,00+,2022-11-20,2022-11-13,-1 week ahead inc case,quantile,0.25,seasonal_influenza,40
DE-HB,00+,2022-11-20,2022-11-13,-1 week ahead inc case,quantile,0.5,seasonal_influenza,40.5
DE-HB,00+,2022-11-20,2022-11-13,-1 week ahead inc case,quantile,0.75,seasonal_influenza,40.5
DE-HB,00+,2022-11-20,2022-11-13,-1 week ahead inc case,quantile,0.9,seasonal_influenza,41
DE-HB,00+,2022-11-20,2022-11-13,-1 week ahead inc case,quantile,0.975,seasonal_influenza,41.5
DE-HB,00+,2022-11-20,2022-11-20,0 week ahead inc case,mean,NA,seasonal_influenza,26.0905
DE-HB,00+,2022-11-20,2022-11-20,0 week ahead inc case,quantile,0.025,seasonal_influenza,25
DE-HB,00+,2022-11-20,2022-11-20,0 week ahead inc case,quantile,0.1,seasonal_influenza,25
DE-HB,00+,2022-11-20,2022-11-20,0 week ahead inc case,quantile,0.25,seasonal_influenza,25.5
DE-HB,00+,2022-11-20,2022-11-20,0 week ahead inc case,quantile,0.5,seasonal_influenza,26
DE-HB,00+,2022-11-20,2022-11-20,0 week ahead inc case,quantile,0.75,seasonal_influenza,26.5
DE-HB,00+,2022-11-20,2022-11-20,0 week ahead inc case,quantile,0.9,seasonal_influenza,27.5
DE-HB,00+,2022-11-20,2022-11-20,0 week ahead inc case,quantile,0.975,seasonal_influenza,28.5
DE-HE,00+,2022-11-20,2022-10-23,-4 week ahead inc case,mean,NA,seasonal_influenza,190.5
DE-HE,00+,2022-11-20,2022-10-23,-4 week ahead inc case,quantile,0.025,seasonal_influenza,190
DE-HE,00+,2022-11-20,2022-10-23,-4 week ahead inc case,quantile,0.1,seasonal_influenza,190
DE-HE,00+,2022-11-20,2022-10-23,-4 week ahead inc case,quantile,0.25,seasonal_influenza,190
DE-HE,00+,2022-11-20,2022-10-23,-4 week ahead inc case,quantile,0.5,seasonal_influenza,190.5
DE-HE,00+,2022-11-20,2022-10-23,-4 week ahead inc case,quantile,0.75,seasonal_influenza,191
DE-HE,00+,2022-11-20,2022-10-23,-4 week ahead inc case,quantile,0.9,seasonal_influenza,192
DE-HE,00+,2022-11-20,2022-10-23,-4 week ahead inc case,quantile,0.975,seasonal_influenza,193.5
DE-HE,00+,2022-11-20,2022-10-30,-3 week ahead inc case,mean,NA,seasonal_influenza,263.491
DE-HE,00+,2022-11-20,2022-10-30,-3 week ahead inc case,quantile,0.025,seasonal_influenza,261
DE-HE,00+,2022-11-20,2022-10-30,-3 week ahead inc case,quantile,0.1,seasonal_influenza,261
DE-HE,00+,2022-11-20,2022-10-30,-3 week ahead inc case,quantile,0.25,seasonal_influenza,261
DE-HE,00+,2022-11-20,2022-10-30,-3 week ahead inc case,quantile,0.5,seasonal_influenza,262.5
DE-HE,00+,2022-11-20,2022-10-30,-3 week ahead inc case,quantile,0.75,seasonal_influenza,265
DE-HE,00+,2022-11-20,2022-10-30,-3 week ahead inc case,quantile,0.9,seasonal_influenza,267.5
DE-HE,00+,2022-11-20,2022-10-30,-3 week ahead inc case,quantile,0.975,seasonal_influenza,272.5
DE-HE,00+,2022-11-20,2022-11-06,-2 week ahead inc case,mean,NA,seasonal_influenza,239.95499999999998
DE-HE,00+,2022-11-20,2022-11-06,-2 week ahead inc case,quantile,0.025,seasonal_influenza,235
DE-HE,00+,2022-11-20,2022-11-06,-2 week ahead inc case,quantile,0.1,seasonal_influenza,235.5
DE-HE,00+,2022-11-20,2022-11-06,-2 week ahead inc case,quantile,0.25,seasonal_influenza,237
DE-HE,00+,2022-11-20,2022-11-06,-2 week ahead inc case,quantile,0.5,seasonal_influenza,239
DE-HE,00+,2022-11-20,2022-11-06,-2 week ahead inc case,quantile,0.75,seasonal_influenza,242
DE-HE,00+,2022-11-20,2022-11-06,-2 week ahead inc case,quantile,0.9,seasonal_influenza,246
DE-HE,00+,2022-11-20,2022-11-06,-2 week ahead inc case,quantile,0.975,seasonal_influenza,252
DE-HE,00+,2022-11-20,2022-11-13,-1 week ahead inc case,mean,NA,seasonal_influenza,336.618
DE-HE,00+,2022-11-20,2022-11-13,-1 week ahead inc case,quantile,0.025,seasonal_influenza,325.5
DE-HE,00+,2022-11-20,2022-11-13,-1 week ahead inc case,quantile,0.1,seasonal_influenza,327.5
DE-HE,00+,2022-11-20,2022-11-13,-1 week ahead inc case,quantile,0.25,seasonal_influenza,330.5
DE-HE,00+,2022-11-20,2022-11-13,-1 week ahead inc case,quantile,0.5,seasonal_influenza,335
DE-HE,00+,2022-11-20,2022-11-13,-1 week ahead inc case,quantile,0.75,seasonal_influenza,340.5
DE-HE,00+,2022-11-20,2022-11-13,-1 week ahead inc case,quantile,0.9,seasonal_influenza,348
DE-HE,00+,2022-11-20,2022-11-13,-1 week ahead inc case,quantile,0.975,seasonal_influenza,358
DE-HE,00+,2022-11-20,2022-11-20,0 week ahead inc case,mean,NA,seasonal_influenza,583.0225
DE-HE,00+,2022-11-20,2022-11-20,0 week ahead inc case,quantile,0.025,seasonal_influenza,554
DE-HE,00+,2022-11-20,2022-11-20,0 week ahead inc case,quantile,0.1,seasonal_influenza,561
DE-HE,00+,2022-11-20,2022-11-20,0 week ahead inc case,quantile,0.25,seasonal_influenza,569.5
DE-HE,00+,2022-11-20,2022-11-20,0 week ahead inc case,quantile,0.5,seasonal_influenza,580.5
DE-HE,00+,2022-11-20,2022-11-20,0 week ahead inc case,quantile,0.75,seasonal_influenza,594.5
DE-HE,00+,2022-11-20,2022-11-20,0 week ahead inc case,quantile,0.9,seasonal_influenza,608
DE-HE,00+,2022-11-20,2022-11-20,0 week ahead inc case,quantile,0.975,seasonal_influenza,626.5
DE-HH,00+,2022-11-20,2022-10-23,-4 week ahead inc case,mean,NA,seasonal_influenza,19
DE-HH,00+,2022-11-20,2022-10-23,-4 week ahead inc case,quantile,0.025,seasonal_influenza,19
DE-HH,00+,2022-11-20,2022-10-23,-4 week ahead inc case,quantile,0.1,seasonal_influenza,19
DE-HH,00+,2022-11-20,2022-10-23,-4 week ahead inc case,quantile,0.25,seasonal_influenza,19
DE-HH,00+,2022-11-20,2022-10-23,-4 week ahead inc case,quantile,0.5,seasonal_influenza,19
DE-HH,00+,2022-11-20,2022-10-23,-4 week ahead inc case,quantile,0.75,seasonal_influenza,19
DE-HH,00+,2022-11-20,2022-10-23,-4 week ahead inc case,quantile,0.9,seasonal_influenza,19.5
DE-HH,00+,2022-11-20,2022-10-23,-4 week ahead inc case,quantile,0.975,seasonal_influenza,20.5
DE-HH,00+,2022-11-20,2022-10-30,-3 week ahead inc case,mean,NA,seasonal_influenza,30.814
DE-HH,00+,2022-11-20,2022-10-30,-3 week ahead inc case,quantile,0.025,seasonal_influenza,30
DE-HH,00+,2022-11-20,2022-10-30,-3 week ahead inc case,quantile,0.1,seasonal_influenza,30
DE-HH,00+,2022-11-20,2022-10-30,-3 week ahead inc case,quantile,0.25,seasonal_influenza,30
DE-HH,00+,2022-11-20,2022-10-30,-3 week ahead inc case,quantile,0.5,seasonal_influenza,30
DE-HH,00+,2022-11-20,2022-10-30,-3 week ahead inc case,quantile,0.75,seasonal_influenza,31
DE-HH,00+,2022-11-20,2022-10-30,-3 week ahead inc case,quantile,0.9,seasonal_influenza,32.5
DE-HH,00+,2022-11-20,2022-10-30,-3 week ahead inc case,quantile,0.975,seasonal_influenza,35
DE-HH,00+,2022-11-20,2022-11-06,-2 week ahead inc case,mean,NA,seasonal_influenza,54.5475
DE-HH,00+,2022-11-20,2022-11-06,-2 week ahead inc case,quantile,0.025,seasonal_influenza,52.5
DE-HH,00+,2022-11-20,2022-11-06,-2 week ahead inc case,quantile,0.1,seasonal_influenza,52.5
DE-HH,00+,2022-11-20,2022-11-06,-2 week ahead inc case,quantile,0.25,seasonal_influenza,52.5
DE-HH,00+,2022-11-20,2022-11-06,-2 week ahead inc case,quantile,0.5,seasonal_influenza,53.5
DE-HH,00+,2022-11-20,2022-11-06,-2 week ahead inc case,quantile,0.75,seasonal_influenza,55.5
DE-HH,00+,2022-11-20,2022-11-06,-2 week ahead inc case,quantile,0.9,seasonal_influenza,57.5
DE-HH,00+,2022-11-20,2022-11-06,-2 week ahead inc case,quantile,0.975,seasonal_influenza,61.5
DE-HH,00+,2022-11-20,2022-11-13,-1 week ahead inc case,mean,NA,seasonal_influenza,77.503
DE-HH,00+,2022-11-20,2022-11-13,-1 week ahead inc case,quantile,0.025,seasonal_influenza,73
DE-HH,00+,2022-11-20,2022-11-13,-1 week ahead inc case,quantile,0.1,seasonal_influenza,74
DE-HH,00+,2022-11-20,2022-11-13,-1 week ahead inc case,quantile,0.25,seasonal_influenza,74.5
DE-HH,00+,2022-11-20,2022-11-13,-1 week ahead inc case,quantile,0.5,seasonal_influenza,77
DE-HH,00+,2022-11-20,2022-11-13,-1 week ahead inc case,quantile,0.75,seasonal_influenza,79.5
DE-HH,00+,2022-11-20,2022-11-13,-1 week ahead inc case,quantile,0.9,seasonal_influenza,82.5
DE-HH,00+,2022-11-20,2022-11-13,-1 week ahead inc case,quantile,0.975,seasonal_influenza,86.5
DE-HH,00+,2022-11-20,2022-11-20,0 week ahead inc case,mean,NA,seasonal_influenza,167.91649999999998
DE-HH,00+,2022-11-20,2022-11-20,0 week ahead inc case,quantile,0.025,seasonal_influenza,145.5
DE-HH,00+,2022-11-20,2022-11-20,0 week ahead inc case,quantile,0.1,seasonal_influenza,151
DE-HH,00+,2022-11-20,2022-11-20,0 week ahead inc case,quantile,0.25,seasonal_influenza,157
DE-HH,00+,2022-11-20,2022-11-20,0 week ahead inc case,quantile,0.5,seasonal_influenza,165.5
DE-HH,00+,2022-11-20,2022-11-20,0 week ahead inc case,quantile,0.75,seasonal_influenza,176.5
DE-HH,00+,2022-11-20,2022-11-20,0 week ahead inc case,quantile,0.9,seasonal_influenza,187.5
DE-HH,00+,2022-11-20,2022-11-20,0 week ahead inc case,quantile,0.975,seasonal_influenza,202.5
DE-MV,00+,2022-11-20,2022-10-23,-4 week ahead inc case,mean,NA,seasonal_influenza,51.5
DE-MV,00+,2022-11-20,2022-10-23,-4 week ahead inc case,quantile,0.025,seasonal_influenza,51
DE-MV,00+,2022-11-20,2022-10-23,-4 week ahead inc case,quantile,0.1,seasonal_influenza,51
DE-MV,00+,2022-11-20,2022-10-23,-4 week ahead inc case,quantile,0.25,seasonal_influenza,51
DE-MV,00+,2022-11-20,2022-10-23,-4 week ahead inc case,quantile,0.5,seasonal_influenza,51
DE-MV,00+,2022-11-20,2022-10-23,-4 week ahead inc case,quantile,0.75,seasonal_influenza,51
DE-MV,00+,2022-11-20,2022-10-23,-4 week ahead inc case,quantile,0.9,seasonal_influenza,52.5
DE-MV,00+,2022-11-20,2022-10-23,-4 week ahead inc case,quantile,0.975,seasonal_influenza,57
DE-MV,00+,2022-11-20,2022-10-30,-3 week ahead inc case,mean,NA,seasonal_influenza,56.5105
DE-MV,00+,2022-11-20,2022-10-30,-3 week ahead inc case,quantile,0.025,seasonal_influenza,53
DE-MV,00+,2022-11-20,2022-10-30,-3 week ahead inc case,quantile,0.1,seasonal_influenza,53
DE-MV,00+,2022-11-20,2022-10-30,-3 week ahead inc case,quantile,0.25,seasonal_influenza,53.5
DE-MV,00+,2022-11-20,2022-10-30,-3 week ahead inc case,quantile,0.5,seasonal_influenza,54.5
DE-MV,00+,2022-11-20,2022-10-30,-3 week ahead inc case,quantile,0.75,seasonal_influenza,56.5
DE-MV,00+,2022-11-20,2022-10-30,-3 week ahead inc case,quantile,0.9,seasonal_influenza,62
DE-MV,00+,2022-11-20,2022-10-30,-3 week ahead inc case,quantile,0.975,seasonal_influenza,74
DE-MV,00+,2022-11-20,2022-11-06,-2 week ahead inc case,mean,NA,seasonal_influenza,88.175
DE-MV,00+,2022-11-20,2022-11-06,-2 week ahead inc case,quantile,0.025,seasonal_influenza,81.5
DE-MV,00+,2022-11-20,2022-11-06,-2 week ahead inc case,quantile,0.1,seasonal_influenza,82
DE-MV,00+,2022-11-20,2022-11-06,-2 week ahead inc case,quantile,0.25,seasonal_influenza,82.5
DE-MV,00+,2022-11-20,2022-11-06,-2 week ahead inc case,quantile,0.5,seasonal_influenza,83.5
DE-MV,00+,2022-11-20,2022-11-06,-2 week ahead inc case,quantile,0.75,seasonal_influenza,86
DE-MV,00+,2022-11-20,2022-11-06,-2 week ahead inc case,quantile,0.9,seasonal_influenza,98.5
DE-MV,00+,2022-11-20,2022-11-06,-2 week ahead inc case,quantile,0.975,seasonal_influenza,134.5
DE-MV,00+,2022-11-20,2022-11-13,-1 week ahead inc case,mean,NA,seasonal_influenza,178.977
DE-MV,00+,2022-11-20,2022-11-13,-1 week ahead inc case,quantile,0.025,seasonal_influenza,165
DE-MV,00+,2022-11-20,2022-11-13,-1 week ahead inc case,quantile,0.1,seasonal_influenza,166
DE-MV,00+,2022-11-20,2022-11-13,-1 week ahead inc case,quantile,0.25,seasonal_influenza,167
DE-MV,00+,2022-11-20,2022-11-13,-1 week ahead inc case,quantile,0.5,seasonal_influenza,168.5
DE-MV,00+,2022-11-20,2022-11-13,-1 week ahead inc case,quantile,0.75,seasonal_influenza,174
DE-MV,00+,2022-11-20,2022-11-13,-1 week ahead inc case,quantile,0.9,seasonal_influenza,199.5
DE-MV,00+,2022-11-20,2022-11-13,-1 week ahead inc case,quantile,0.975,seasonal_influenza,275.5
DE-MV,00+,2022-11-20,2022-11-20,0 week ahead inc case,mean,NA,seasonal_influenza,242.368
DE-MV,00+,2022-11-20,2022-11-20,0 week ahead inc case,quantile,0.025,seasonal_influenza,204.5
DE-MV,00+,2022-11-20,2022-11-20,0 week ahead inc case,quantile,0.1,seasonal_influenza,208.5
DE-MV,00+,2022-11-20,2022-11-20,0 week ahead inc case,quantile,0.25,seasonal_influenza,214.5
DE-MV,00+,2022-11-20,2022-11-20,0 week ahead inc case,quantile,0.5,seasonal_influenza,229.5
DE-MV,00+,2022-11-20,2022-11-20,0 week ahead inc case,quantile,0.75,seasonal_influenza,256.5
DE-MV,00+,2022-11-20,2022-11-20,0 week ahead inc case,quantile,0.9,seasonal_influenza,294.5
DE-MV,00+,2022-11-20,2022-11-20,0 week ahead inc case,quantile,0.975,seasonal_influenza,355.5
DE-NI,00+,2022-11-20,2022-10-23,-4 week ahead inc case,mean,NA,seasonal_influenza,89.5
DE-NI,00+,2022-11-20,2022-10-23,-4 week ahead inc case,quantile,0.025,seasonal_influenza,89
DE-NI,00+,2022-11-20,2022-10-23,-4 week ahead inc case,quantile,0.1,seasonal_influenza,89
DE-NI,00+,2022-11-20,2022-10-23,-4 week ahead inc case,quantile,0.25,seasonal_influenza,89.5
DE-NI,00+,2022-11-20,2022-10-23,-4 week ahead inc case,quantile,0.5,seasonal_influenza,89.5
DE-NI,00+,2022-11-20,2022-10-23,-4 week ahead inc case,quantile,0.75,seasonal_influenza,90
DE-NI,00+,2022-11-20,2022-10-23,-4 week ahead inc case,quantile,0.9,seasonal_influenza,90.5
DE-NI,00+,2022-11-20,2022-10-23,-4 week ahead inc case,quantile,0.975,seasonal_influenza,91
DE-NI,00+,2022-11-20,2022-10-30,-3 week ahead inc case,mean,NA,seasonal_influenza,80.964
DE-NI,00+,2022-11-20,2022-10-30,-3 week ahead inc case,quantile,0.025,seasonal_influenza,79
DE-NI,00+,2022-11-20,2022-10-30,-3 week ahead inc case,quantile,0.1,seasonal_influenza,79.5
DE-NI,00+,2022-11-20,2022-10-30,-3 week ahead inc case,quantile,0.25,seasonal_influenza,80
DE-NI,00+,2022-11-20,2022-10-30,-3 week ahead inc case,quantile,0.5,seasonal_influenza,81
DE-NI,00+,2022-11-20,2022-10-30,-3 week ahead inc case,quantile,0.75,seasonal_influenza,81.5
DE-NI,00+,2022-11-20,2022-10-30,-3 week ahead inc case,quantile,0.9,seasonal_influenza,82.5
DE-NI,00+,2022-11-20,2022-10-30,-3 week ahead inc case,quantile,0.975,seasonal_influenza,84.5
DE-NI,00+,2022-11-20,2022-11-06,-2 week ahead inc case,mean,NA,seasonal_influenza,82.6405
DE-NI,00+,2022-11-20,2022-11-06,-2 week ahead inc case,quantile,0.025,seasonal_influenza,80.5
DE-NI,00+,2022-11-20,2022-11-06,-2 week ahead inc case,quantile,0.1,seasonal_influenza,81
DE-NI,00+,2022-11-20,2022-11-06,-2 week ahead inc case,quantile,0.25,seasonal_influenza,81.5
DE-NI,00+,2022-11-20,2022-11-06,-2 week ahead inc case,quantile,0.5,seasonal_influenza,82.5
DE-NI,00+,2022-11-20,2022-11-06,-2 week ahead inc case,quantile,0.75,seasonal_influenza,84
DE-NI,00+,2022-11-20,2022-11-06,-2 week ahead inc case,quantile,0.9,seasonal_influenza,85
DE-NI,00+,2022-11-20,2022-11-06,-2 week ahead inc case,quantile,0.975,seasonal_influenza,87
DE-NI,00+,2022-11-20,2022-11-13,-1 week ahead inc case,mean,NA,seasonal_influenza,118.392
DE-NI,00+,2022-11-20,2022-11-13,-1 week ahead inc case,quantile,0.025,seasonal_influenza,114.5
DE-NI,00+,2022-11-20,2022-11-13,-1 week ahead inc case,quantile,0.1,seasonal_influenza,116
DE-NI,00+,2022-11-20,2022-11-13,-1 week ahead inc case,quantile,0.25,seasonal_influenza,116.5
DE-NI,00+,2022-11-20,2022-11-13,-1 week ahead inc case,quantile,0.5,seasonal_influenza,118
DE-NI,00+,2022-11-20,2022-11-13,-1 week ahead inc case,quantile,0.75,seasonal_influenza,120
DE-NI,00+,2022-11-20,2022-11-13,-1 week ahead inc case,quantile,0.9,seasonal_influenza,121.5
DE-NI,00+,2022-11-20,2022-11-13,-1 week ahead inc case,quantile,0.975,seasonal_influenza,124
DE-NI,00+,2022-11-20,2022-11-20,0 week ahead inc case,mean,NA,seasonal_influenza,263.7155
DE-NI,00+,2022-11-20,2022-11-20,0 week ahead inc case,quantile,0.025,seasonal_influenza,251
DE-NI,00+,2022-11-20,2022-11-20,0 week ahead inc case,quantile,0.1,seasonal_influenza,254.5
DE-NI,00+,2022-11-20,2022-11-20,0 week ahead inc case,quantile,0.25,seasonal_influenza,258.5
DE-NI,00+,2022-11-20,2022-11-20,0 week ahead inc case,quantile,0.5,seasonal_influenza,263.5
DE-NI,00+,2022-11-20,2022-11-20,0 week ahead inc case,quantile,0.75,seasonal_influenza,268.5
DE-NI,00+,2022-11-20,2022-11-20,0 week ahead inc case,quantile,0.9,seasonal_influenza,273
DE-NI,00+,2022-11-20,2022-11-20,0 week ahead inc case,quantile,0.975,seasonal_influenza,279.5
DE-NW,00+,2022-11-20,2022-10-23,-4 week ahead inc case,mean,NA,seasonal_influenza,137.5
DE-NW,00+,2022-11-20,2022-10-23,-4 week ahead inc case,quantile,0.025,seasonal_influenza,136
DE-NW,00+,2022-11-20,2022-10-23,-4 week ahead inc case,quantile,0.1,seasonal_influenza,136
DE-NW,00+,2022-11-20,2022-10-23,-4 week ahead inc case,quantile,0.25,seasonal_influenza,136.5
DE-NW,00+,2022-11-20,2022-10-23,-4 week ahead inc case,quantile,0.5,seasonal_influenza,137
DE-NW,00+,2022-11-20,2022-10-23,-4 week ahead inc case,quantile,0.75,seasonal_influenza,138
DE-NW,00+,2022-11-20,2022-10-23,-4 week ahead inc case,quantile,0.9,seasonal_influenza,138.5
DE-NW,00+,2022-11-20,2022-10-23,-4 week ahead inc case,quantile,0.975,seasonal_influenza,140
DE-NW,00+,2022-11-20,2022-10-30,-3 week ahead inc case,mean,NA,seasonal_influenza,230.656
DE-NW,00+,2022-11-20,2022-10-30,-3 week ahead inc case,quantile,0.025,seasonal_influenza,226
DE-NW,00+,2022-11-20,2022-10-30,-3 week ahead inc case,quantile,0.1,seasonal_influenza,227
DE-NW,00+,2022-11-20,2022-10-30,-3 week ahead inc case,quantile,0.25,seasonal_influenza,228
DE-NW,00+,2022-11-20,2022-10-30,-3 week ahead inc case,quantile,0.5,seasonal_influenza,230
DE-NW,00+,2022-11-20,2022-10-30,-3 week ahead inc case,quantile,0.75,seasonal_influenza,232.5
DE-NW,00+,2022-11-20,2022-10-30,-3 week ahead inc case,quantile,0.9,seasonal_influenza,235.5
DE-NW,00+,2022-11-20,2022-10-30,-3 week ahead inc case,quantile,0.975,seasonal_influenza,240
DE-NW,00+,2022-11-20,2022-11-06,-2 week ahead inc case,mean,NA,seasonal_influenza,285.22749999999996
DE-NW,00+,2022-11-20,2022-11-06,-2 week ahead inc case,quantile,0.025,seasonal_influenza,277
DE-NW,00+,2022-11-20,2022-11-06,-2 week ahead inc case,quantile,0.1,seasonal_influenza,278.5
DE-NW,00+,2022-11-20,2022-11-06,-2 week ahead inc case,quantile,0.25,seasonal_influenza,281
DE-NW,00+,2022-11-20,2022-11-06,-2 week ahead inc case,quantile,0.5,seasonal_influenza,284
DE-NW,00+,2022-11-20,2022-11-06,-2 week ahead inc case,quantile,0.75,seasonal_influenza,288
DE-NW,00+,2022-11-20,2022-11-06,-2 week ahead inc case,quantile,0.9,seasonal_influenza,292.5
DE-NW,00+,2022-11-20,2022-11-06,-2 week ahead inc case,quantile,0.975,seasonal_influenza,299
DE-NW,00+,2022-11-20,2022-11-13,-1 week ahead inc case,mean,NA,seasonal_influenza,516.634
DE-NW,00+,2022-11-20,2022-11-13,-1 week ahead inc case,quantile,0.025,seasonal_influenza,501
DE-NW,00+,2022-11-20,2022-11-13,-1 week ahead inc case,quantile,0.1,seasonal_influenza,504.5
DE-NW,00+,2022-11-20,2022-11-13,-1 week ahead inc case,quantile,0.25,seasonal_influenza,508.5
DE-NW,00+,2022-11-20,2022-11-13,-1 week ahead inc case,quantile,0.5,seasonal_influenza,515
DE-NW,00+,2022-11-20,2022-11-13,-1 week ahead inc case,quantile,0.75,seasonal_influenza,522.5
DE-NW,00+,2022-11-20,2022-11-13,-1 week ahead inc case,quantile,0.9,seasonal_influenza,531.5
DE-NW,00+,2022-11-20,2022-11-13,-1 week ahead inc case,quantile,0.975,seasonal_influenza,543
DE-NW,00+,2022-11-20,2022-11-20,0 week ahead inc case,mean,NA,seasonal_influenza,1077.6979999999999
DE-NW,00+,2022-11-20,2022-11-20,0 week ahead inc case,quantile,0.025,seasonal_influenza,1011.5
DE-NW,00+,2022-11-20,2022-11-20,0 week ahead inc case,quantile,0.1,seasonal_influenza,1029.5
DE-NW,00+,2022-11-20,2022-11-20,0 week ahead inc case,quantile,0.25,seasonal_influenza,1049.5
DE-NW,00+,2022-11-20,2022-11-20,0 week ahead inc case,quantile,0.5,seasonal_influenza,1074
DE-NW,00+,2022-11-20,2022-11-20,0 week ahead inc case,quantile,0.75,seasonal_influenza,1101.5
DE-NW,00+,2022-11-20,2022-11-20,0 week ahead inc case,quantile,0.9,seasonal_influenza,1131.5
DE-NW,00+,2022-11-20,2022-11-20,0 week ahead inc case,quantile,0.975,seasonal_influenza,1167
DE-RP,00+,2022-11-20,2022-10-23,-4 week ahead inc case,mean,NA,seasonal_influenza,229
DE-RP,00+,2022-11-20,2022-10-23,-4 week ahead inc case,quantile,0.025,seasonal_influenza,228.5
DE-RP,00+,2022-11-20,2022-10-23,-4 week ahead inc case,quantile,0.1,seasonal_influenza,228.5
DE-RP,00+,2022-11-20,2022-10-23,-4 week ahead inc case,quantile,0.25,seasonal_influenza,228.5
DE-RP,00+,2022-11-20,2022-10-23,-4 week ahead inc case,quantile,0.5,seasonal_influenza,228.5
DE-RP,00+,2022-11-20,2022-10-23,-4 week ahead inc case,quantile,0.75,seasonal_influenza,229
DE-RP,00+,2022-11-20,2022-10-23,-4 week ahead inc case,quantile,0.9,seasonal_influenza,230
DE-RP,00+,2022-11-20,2022-10-23,-4 week ahead inc case,quantile,0.975,seasonal_influenza,232
DE-RP,00+,2022-11-20,2022-10-30,-3 week ahead inc case,mean,NA,seasonal_influenza,136.451
DE-RP,00+,2022-11-20,2022-10-30,-3 week ahead inc case,quantile,0.025,seasonal_influenza,135
DE-RP,00+,2022-11-20,2022-10-30,-3 week ahead inc case,quantile,0.1,seasonal_influenza,135
DE-RP,00+,2022-11-20,2022-10-30,-3 week ahead inc case,quantile,0.25,seasonal_influenza,135.5
DE-RP,00+,2022-11-20,2022-10-30,-3 week ahead inc case,quantile,0.5,seasonal_influenza,136
DE-RP,00+,2022-11-20,2022-10-30,-3 week ahead inc case,quantile,0.75,seasonal_influenza,137
DE-RP,00+,2022-11-20,2022-10-30,-3 week ahead inc case,quantile,0.9,seasonal_influenza,138
DE-RP,00+,2022-11-20,2022-10-30,-3 week ahead inc case,quantile,0.975,seasonal_influenza,140
DE-RP,00+,2022-11-20,2022-11-06,-2 week ahead inc case,mean,NA,seasonal_influenza,105.7175
DE-RP,00+,2022-11-20,2022-11-06,-2 week ahead inc case,quantile,0.025,seasonal_influenza,103
DE-RP,00+,2022-11-20,2022-11-06,-2 week ahead inc case,quantile,0.1,seasonal_influenza,103.5
DE-RP,00+,2022-11-20,2022-11-06,-2 week ahead inc case,quantile,0.25,seasonal_influenza,104
DE-RP,00+,2022-11-20,2022-11-06,-2 week ahead inc case,quantile,0.5,seasonal_influenza,105
DE-RP,00+,2022-11-20,2022-11-06,-2 week ahead inc case,quantile,0.75,seasonal_influenza,106.5
DE-RP,00+,2022-11-20,2022-11-06,-2 week ahead inc case,quantile,0.9,seasonal_influenza,108
DE-RP,00+,2022-11-20,2022-11-06,-2 week ahead inc case,quantile,0.975,seasonal_influenza,110
DE-RP,00+,2022-11-20,2022-11-13,-1 week ahead inc case,mean,NA,seasonal_influenza,116.273
DE-RP,00+,2022-11-20,2022-11-13,-1 week ahead inc case,quantile,0.025,seasonal_influenza,112.5
DE-RP,00+,2022-11-20,2022-11-13,-1 week ahead inc case,quantile,0.1,seasonal_influenza,113.5
DE-RP,00+,2022-11-20,2022-11-13,-1 week ahead inc case,quantile,0.25,seasonal_influenza,114.5
DE-RP,00+,2022-11-20,2022-11-13,-1 week ahead inc case,quantile,0.5,seasonal_influenza,115.5
DE-RP,00+,2022-11-20,2022-11-13,-1 week ahead inc case,quantile,0.75,seasonal_influenza,117.5
DE-RP,00+,2022-11-20,2022-11-13,-1 week ahead inc case,quantile,0.9,seasonal_influenza,119
DE-RP,00+,2022-11-20,2022-11-13,-1 week ahead inc case,quantile,0.975,seasonal_influenza,121
DE-RP,00+,2022-11-20,2022-11-20,0 week ahead inc case,mean,NA,seasonal_influenza,234.674
DE-RP,00+,2022-11-20,2022-11-20,0 week ahead inc case,quantile,0.025,seasonal_influenza,226
DE-RP,00+,2022-11-20,2022-11-20,0 week ahead inc case,quantile,0.1,seasonal_influenza,229
DE-RP,00+,2022-11-20,2022-11-20,0 week ahead inc case,quantile,0.25,seasonal_influenza,231
DE-RP,00+,2022-11-20,2022-11-20,0 week ahead inc case,quantile,0.5,seasonal_influenza,234.5
DE-RP,00+,2022-11-20,2022-11-20,0 week ahead inc case,quantile,0.75,seasonal_influenza,238
DE-RP,00+,2022-11-20,2022-11-20,0 week ahead inc case,quantile,0.9,seasonal_influenza,241.5
DE-RP,00+,2022-11-20,2022-11-20,0 week ahead inc case,quantile,0.975,seasonal_influenza,245
DE-SH,00+,2022-11-20,2022-10-23,-4 week ahead inc case,mean,NA,seasonal_influenza,28.5
DE-SH,00+,2022-11-20,2022-10-23,-4 week ahead inc case,quantile,0.025,seasonal_influenza,28
DE-SH,00+,2022-11-20,2022-10-23,-4 week ahead inc case,quantile,0.1,seasonal_influenza,28
DE-SH,00+,2022-11-20,2022-10-23,-4 week ahead inc case,quantile,0.25,seasonal_influenza,28
DE-SH,00+,2022-11-20,2022-10-23,-4 week ahead inc case,quantile,0.5,seasonal_influenza,28
DE-SH,00+,2022-11-20,2022-10-23,-4 week ahead inc case,quantile,0.75,seasonal_influenza,28.5
DE-SH,00+,2022-11-20,2022-10-23,-4 week ahead inc case,quantile,0.9,seasonal_influenza,30
DE-SH,00+,2022-11-20,2022-10-23,-4 week ahead inc case,quantile,0.975,seasonal_influenza,32
DE-SH,00+,2022-11-20,2022-10-30,-3 week ahead inc case,mean,NA,seasonal_influenza,36.723
DE-SH,00+,2022-11-20,2022-10-30,-3 week ahead inc case,quantile,0.025,seasonal_influenza,35
DE-SH,00+,2022-11-20,2022-10-30,-3 week ahead inc case,quantile,0.1,seasonal_influenza,35
DE-SH,00+,2022-11-20,2022-10-30,-3 week ahead inc case,quantile,0.25,seasonal_influenza,35
DE-SH,00+,2022-11-20,2022-10-30,-3 week ahead inc case,quantile,0.5,seasonal_influenza,35.5
DE-SH,00+,2022-11-20,2022-10-30,-3 week ahead inc case,quantile,0.75,seasonal_influenza,37.5
DE-SH,00+,2022-11-20,2022-10-30,-3 week ahead inc case,quantile,0.9,seasonal_influenza,39
DE-SH,00+,2022-11-20,2022-10-30,-3 week ahead inc case,quantile,0.975,seasonal_influenza,42.5
DE-SH,00+,2022-11-20,2022-11-06,-2 week ahead inc case,mean,NA,seasonal_influenza,41.3535
DE-SH,00+,2022-11-20,2022-11-06,-2 week ahead inc case,quantile,0.025,seasonal_influenza,39
DE-SH,00+,2022-11-20,2022-11-06,-2 week ahead inc case,quantile,0.1,seasonal_influenza,39
DE-SH,00+,2022-11-20,2022-11-06,-2 week ahead inc case,quantile,0.25,seasonal_influenza,39.5
DE-SH,00+,2022-11-20,2022-11-06,-2 week ahead inc case,quantile,0.5,seasonal_influenza,40.5
DE-SH,00+,2022-11-20,2022-11-06,-2 week ahead inc case,quantile,0.75,seasonal_influenza,42.5
DE-SH,00+,2022-11-20,2022-11-06,-2 week ahead inc case,quantile,0.9,seasonal_influenza,45.5
DE-SH,00+,2022-11-20,2022-11-06,-2 week ahead inc case,quantile,0.975,seasonal_influenza,49.5
DE-SH,00+,2022-11-20,2022-11-13,-1 week ahead inc case,mean,NA,seasonal_influenza,83.393
DE-SH,00+,2022-11-20,2022-11-13,-1 week ahead inc case,quantile,0.025,seasonal_influenza,78
DE-SH,00+,2022-11-20,2022-11-13,-1 week ahead inc case,quantile,0.1,seasonal_influenza,78
DE-SH,00+,2022-11-20,2022-11-13,-1 week ahead inc case,quantile,0.25,seasonal_influenza,79.5
DE-SH,00+,2022-11-20,2022-11-13,-1 week ahead inc case,quantile,0.5,seasonal_influenza,81.5
DE-SH,00+,2022-11-20,2022-11-13,-1 week ahead inc case,quantile,0.75,seasonal_influenza,85.5
DE-SH,00+,2022-11-20,2022-11-13,-1 week ahead inc case,quantile,0.9,seasonal_influenza,90.5
DE-SH,00+,2022-11-20,2022-11-13,-1 week ahead inc case,quantile,0.975,seasonal_influenza,97
DE-SH,00+,2022-11-20,2022-11-20,0 week ahead inc case,mean,NA,seasonal_influenza,164.858
DE-SH,00+,2022-11-20,2022-11-20,0 week ahead inc case,quantile,0.025,seasonal_influenza,148
DE-SH,00+,2022-11-20,2022-11-20,0 week ahead inc case,quantile,0.1,seasonal_influenza,151
DE-SH,00+,2022-11-20,2022-11-20,0 week ahead inc case,quantile,0.25,seasonal_influenza,155.5
DE-SH,00+,2022-11-20,2022-11-20,0 week ahead inc case,quantile,0.5,seasonal_influenza,162
DE-SH,00+,2022-11-20,2022-11-20,0 week ahead inc case,quantile,0.75,seasonal_influenza,171.5
DE-SH,00+,2022-11-20,2022-11-20,0 week ahead inc case,quantile,0.9,seasonal_influenza,182
DE-SH,00+,2022-11-20,2022-11-20,0 week ahead inc case,quantile,0.975,seasonal_influenza,196.5
DE-SL,00+,2022-11-20,2022-10-23,-4 week ahead inc case,mean,NA,seasonal_influenza,23.5
DE-SL,00+,2022-11-20,2022-10-23,-4 week ahead inc case,quantile,0.025,seasonal_influenza,23
DE-SL,00+,2022-11-20,2022-10-23,-4 week ahead inc case,quantile,0.1,seasonal_influenza,23
DE-SL,00+,2022-11-20,2022-10-23,-4 week ahead inc case,quantile,0.25,seasonal_influenza,23
DE-SL,00+,2022-11-20,2022-10-23,-4 week ahead inc case,quantile,0.5,seasonal_influenza,23
DE-SL,00+,2022-11-20,2022-10-23,-4 week ahead inc case,quantile,0.75,seasonal_influenza,23.5
DE-SL,00+,2022-11-20,2022-10-23,-4 week ahead inc case,quantile,0.9,seasonal_influenza,23.5
DE-SL,00+,2022-11-20,2022-10-23,-4 week ahead inc case,quantile,0.975,seasonal_influenza,24
DE-SL,00+,2022-11-20,2022-10-30,-3 week ahead inc case,mean,NA,seasonal_influenza,20.7115
DE-SL,00+,2022-11-20,2022-10-30,-3 week ahead inc case,quantile,0.025,seasonal_influenza,20
DE-SL,00+,2022-11-20,2022-10-30,-3 week ahead inc case,quantile,0.1,seasonal_influenza,20
DE-SL,00+,2022-11-20,2022-10-30,-3 week ahead inc case,quantile,0.25,seasonal_influenza,20
DE-SL,00+,2022-11-20,2022-10-30,-3 week ahead inc case,quantile,0.5,seasonal_influenza,20.5
DE-SL,00+,2022-11-20,2022-10-30,-3 week ahead inc case,quantile,0.75,seasonal_influenza,21.5
DE-SL,00+,2022-11-20,2022-10-30,-3 week ahead inc case,quantile,0.9,seasonal_influenza,22
DE-SL,00+,2022-11-20,2022-10-30,-3 week ahead inc case,quantile,0.975,seasonal_influenza,23.5
DE-SL,00+,2022-11-20,2022-11-06,-2 week ahead inc case,mean,NA,seasonal_influenza,14.248000000000001
DE-SL,00+,2022-11-20,2022-11-06,-2 week ahead inc case,quantile,0.025,seasonal_influenza,13
DE-SL,00+,2022-11-20,2022-11-06,-2 week ahead inc case,quantile,0.1,seasonal_influenza,13
DE-SL,00+,2022-11-20,2022-11-06,-2 week ahead inc case,quantile,0.25,seasonal_influenza,13
DE-SL,00+,2022-11-20,2022-11-06,-2 week ahead inc case,quantile,0.5,seasonal_influenza,13.5
DE-SL,00+,2022-11-20,2022-11-06,-2 week ahead inc case,quantile,0.75,seasonal_influenza,15
DE-SL,00+,2022-11-20,2022-11-06,-2 week ahead inc case,quantile,0.9,seasonal_influenza,16
DE-SL,00+,2022-11-20,2022-11-06,-2 week ahead inc case,quantile,0.975,seasonal_influenza,19
DE-SL,00+,2022-11-20,2022-11-13,-1 week ahead inc case,mean,NA,seasonal_influenza,21.464
DE-SL,00+,2022-11-20,2022-11-13,-1 week ahead inc case,quantile,0.025,seasonal_influenza,19
DE-SL,00+,2022-11-20,2022-11-13,-1 week ahead inc case,quantile,0.1,seasonal_influenza,19
DE-SL,00+,2022-11-20,2022-11-13,-1 week ahead inc case,quantile,0.25,seasonal_influenza,19.5
DE-SL,00+,2022-11-20,2022-11-13,-1 week ahead inc case,quantile,0.5,seasonal_influenza,20.5
DE-SL,00+,2022-11-20,2022-11-13,-1 week ahead inc case,quantile,0.75,seasonal_influenza,22
DE-SL,00+,2022-11-20,2022-11-13,-1 week ahead inc case,quantile,0.9,seasonal_influenza,24.5
DE-SL,00+,2022-11-20,2022-11-13,-1 week ahead inc case,quantile,0.975,seasonal_influenza,27.5
DE-SL,00+,2022-11-20,2022-11-20,0 week ahead inc case,mean,NA,seasonal_influenza,33.9815
DE-SL,00+,2022-11-20,2022-11-20,0 week ahead inc case,quantile,0.025,seasonal_influenza,27.5
DE-SL,00+,2022-11-20,2022-11-20,0 week ahead inc case,quantile,0.1,seasonal_influenza,28.5
DE-SL,00+,2022-11-20,2022-11-20,0 week ahead inc case,quantile,0.25,seasonal_influenza,30
DE-SL,00+,2022-11-20,2022-11-20,0 week ahead inc case,quantile,0.5,seasonal_influenza,33
DE-SL,00+,2022-11-20,2022-11-20,0 week ahead inc case,quantile,0.75,seasonal_influenza,36.5
DE-SL,00+,2022-11-20,2022-11-20,0 week ahead inc case,quantile,0.9,seasonal_influenza,40.5
DE-SL,00+,2022-11-20,2022-11-20,0 week ahead inc case,quantile,0.975,seasonal_influenza,46
DE-SN,00+,2022-11-20,2022-10-23,-4 week ahead inc case,mean,NA,seasonal_influenza,112.5
DE-SN,00+,2022-11-20,2022-10-23,-4 week ahead inc case,quantile,0.025,seasonal_influenza,112
DE-SN,00+,2022-11-20,2022-10-23,-4 week ahead inc case,quantile,0.1,seasonal_influenza,112
DE-SN,00+,2022-11-20,2022-10-23,-4 week ahead inc case,quantile,0.25,seasonal_influenza,112
DE-SN,00+,2022-11-20,2022-10-23,-4 week ahead inc case,quantile,0.5,seasonal_influenza,112.5
DE-SN,00+,2022-11-20,2022-10-23,-4 week ahead inc case,quantile,0.75,seasonal_influenza,112.5
DE-SN,00+,2022-11-20,2022-10-23,-4 week ahead inc case,quantile,0.9,seasonal_influenza,113
DE-SN,00+,2022-11-20,2022-10-23,-4 week ahead inc case,quantile,0.975,seasonal_influenza,114
DE-SN,00+,2022-11-20,2022-10-30,-3 week ahead inc case,mean,NA,seasonal_influenza,79.6805
DE-SN,00+,2022-11-20,2022-10-30,-3 week ahead inc case,quantile,0.025,seasonal_influenza,79
DE-SN,00+,2022-11-20,2022-10-30,-3 week ahead inc case,quantile,0.1,seasonal_influenza,79
DE-SN,00+,2022-11-20,2022-10-30,-3 week ahead inc case,quantile,0.25,seasonal_influenza,79
DE-SN,00+,2022-11-20,2022-10-30,-3 week ahead inc case,quantile,0.5,seasonal_influenza,79.5
DE-SN,00+,2022-11-20,2022-10-30,-3 week ahead inc case,quantile,0.75,seasonal_influenza,80.5
DE-SN,00+,2022-11-20,2022-10-30,-3 week ahead inc case,quantile,0.9,seasonal_influenza,81.5
DE-SN,00+,2022-11-20,2022-10-30,-3 week ahead inc case,quantile,0.975,seasonal_influenza,83.5
DE-SN,00+,2022-11-20,2022-11-06,-2 week ahead inc case,mean,NA,seasonal_influenza,89.315
DE-SN,00+,2022-11-20,2022-11-06,-2 week ahead inc case,quantile,0.025,seasonal_influenza,88
DE-SN,00+,2022-11-20,2022-11-06,-2 week ahead inc case,quantile,0.1,seasonal_influenza,88
DE-SN,00+,2022-11-20,2022-11-06,-2 week ahead inc case,quantile,0.25,seasonal_influenza,88
DE-SN,00+,2022-11-20,2022-11-06,-2 week ahead inc case,quantile,0.5,seasonal_influenza,88.5
DE-SN,00+,2022-11-20,2022-11-06,-2 week ahead inc case,quantile,0.75,seasonal_influenza,90
DE-SN,00+,2022-11-20,2022-11-06,-2 week ahead inc case,quantile,0.9,seasonal_influenza,92
DE-SN,00+,2022-11-20,2022-11-06,-2 week ahead inc case,quantile,0.975,seasonal_influenza,95
DE-SN,00+,2022-11-20,2022-11-13,-1 week ahead inc case,mean,NA,seasonal_influenza,156.96699999999998
DE-SN,00+,2022-11-20,2022-11-13,-1 week ahead inc case,quantile,0.025,seasonal_influenza,154
DE-SN,00+,2022-11-20,2022-11-13,-1 week ahead inc case,quantile,0.1,seasonal_influenza,154
DE-SN,00+,2022-11-20,2022-11-13,-1 week ahead inc case,quantile,0.25,seasonal_influenza,155
DE-SN,00+,2022-11-20,2022-11-13,-1 week ahead inc case,quantile,0.5,seasonal_influenza,156.5
DE-SN,00+,2022-11-20,2022-11-13,-1 week ahead inc case,quantile,0.75,seasonal_influenza,158.5
DE-SN,00+,2022-11-20,2022-11-13,-1 week ahead inc case,quantile,0.9,seasonal_influenza,161
DE-SN,00+,2022-11-20,2022-11-13,-1 week ahead inc case,quantile,0.975,seasonal_influenza,164.5
DE-SN,00+,2022-11-20,2022-11-20,0 week ahead inc case,mean,NA,seasonal_influenza,292.173
DE-SN,00+,2022-11-20,2022-11-20,0 week ahead inc case,quantile,0.025,seasonal_influenza,268.5
DE-SN,00+,2022-11-20,2022-11-20,0 week ahead inc case,quantile,0.1,seasonal_influenza,275.5
DE-SN,00+,2022-11-20,2022-11-20,0 week ahead inc case,quantile,0.25,seasonal_influenza,282.5
DE-SN,00+,2022-11-20,2022-11-20,0 week ahead inc case,quantile,0.5,seasonal_influenza,291
DE-SN,00+,2022-11-20,2022-11-20,0 week ahead inc case,quantile,0.75,seasonal_influenza,301
DE-SN,00+,2022-11-20,2022-11-20,0 week ahead inc case,quantile,0.9,seasonal_influenza,310.5
DE-SN,00+,2022-11-20,2022-11-20,0 week ahead inc case,quantile,0.975,seasonal_influenza,323
DE-ST,00+,2022-11-20,2022-10-23,-4 week ahead inc case,mean,NA,seasonal_influenza,105
DE-ST,00+,2022-11-20,2022-10-23,-4 week ahead inc case,quantile,0.025,seasonal_influenza,105
DE-ST,00+,2022-11-20,2022-10-23,-4 week ahead inc case,quantile,0.1,seasonal_influenza,105
DE-ST,00+,2022-11-20,2022-10-23,-4 week ahead inc case,quantile,0.25,seasonal_influenza,105
DE-ST,00+,2022-11-20,2022-10-23,-4 week ahead inc case,quantile,0.5,seasonal_influenza,105
DE-ST,00+,2022-11-20,2022-10-23,-4 week ahead inc case,quantile,0.75,seasonal_influenza,105
DE-ST,00+,2022-11-20,2022-10-23,-4 week ahead inc case,quantile,0.9,seasonal_influenza,105
DE-ST,00+,2022-11-20,2022-10-23,-4 week ahead inc case,quantile,0.975,seasonal_influenza,105
DE-ST,00+,2022-11-20,2022-10-30,-3 week ahead inc case,mean,NA,seasonal_influenza,100.208
DE-ST,00+,2022-11-20,2022-10-30,-3 week ahead inc case,quantile,0.025,seasonal_influenza,100
DE-ST,00+,2022-11-20,2022-10-30,-3 week ahead inc case,quantile,0.1,seasonal_influenza,100
DE-ST,00+,2022-11-20,2022-10-30,-3 week ahead inc case,quantile,0.25,seasonal_influenza,100
DE-ST,00+,2022-11-20,2022-10-30,-3 week ahead inc case,quantile,0.5,seasonal_influenza,100
DE-ST,00+,2022-11-20,2022-10-30,-3 week ahead inc case,quantile,0.75,seasonal_influenza,100.5
DE-ST,00+,2022-11-20,2022-10-30,-3 week ahead inc case,quantile,0.9,seasonal_influenza,100.5
DE-ST,00+,2022-11-20,2022-10-30,-3 week ahead inc case,quantile,0.975,seasonal_influenza,101
DE-ST,00+,2022-11-20,2022-11-06,-2 week ahead inc case,mean,NA,seasonal_influenza,97.315
DE-ST,00+,2022-11-20,2022-11-06,-2 week ahead inc case,quantile,0.025,seasonal_influenza,97
DE-ST,00+,2022-11-20,2022-11-06,-2 week ahead inc case,quantile,0.1,seasonal_influenza,97
DE-ST,00+,2022-11-20,2022-11-06,-2 week ahead inc case,quantile,0.25,seasonal_influenza,97
DE-ST,00+,2022-11-20,2022-11-06,-2 week ahead inc case,quantile,0.5,seasonal_influenza,97
DE-ST,00+,2022-11-20,2022-11-06,-2 week ahead inc case,quantile,0.75,seasonal_influenza,97.5
DE-ST,00+,2022-11-20,2022-11-06,-2 week ahead inc case,quantile,0.9,seasonal_influenza,98
DE-ST,00+,2022-11-20,2022-11-06,-2 week ahead inc case,quantile,0.975,seasonal_influenza,98.5
DE-ST,00+,2022-11-20,2022-11-13,-1 week ahead inc case,mean,NA,seasonal_influenza,177.9005
DE-ST,00+,2022-11-20,2022-11-13,-1 week ahead inc case,quantile,0.025,seasonal_influenza,177
DE-ST,00+,2022-11-20,2022-11-13,-1 week ahead inc case,quantile,0.1,seasonal_influenza,177
DE-ST,00+,2022-11-20,2022-11-13,-1 week ahead inc case,quantile,0.25,seasonal_influenza,177.5
DE-ST,00+,2022-11-20,2022-11-13,-1 week ahead inc case,quantile,0.5,seasonal_influenza,177.5
DE-ST,00+,2022-11-20,2022-11-13,-1 week ahead inc case,quantile,0.75,seasonal_influenza,178.5
DE-ST,00+,2022-11-20,2022-11-13,-1 week ahead inc case,quantile,0.9,seasonal_influenza,179
DE-ST,00+,2022-11-20,2022-11-13,-1 week ahead inc case,quantile,0.975,seasonal_influenza,180
DE-ST,00+,2022-11-20,2022-11-20,0 week ahead inc case,mean,NA,seasonal_influenza,337.212
DE-ST,00+,2022-11-20,2022-11-20,0 week ahead inc case,quantile,0.025,seasonal_influenza,307.5
DE-ST,00+,2022-11-20,2022-11-20,0 week ahead inc case,quantile,0.1,seasonal_influenza,313.5
DE-ST,00+,2022-11-20,2022-11-20,0 week ahead inc case,quantile,0.25,seasonal_influenza,320
DE-ST,00+,2022-11-20,2022-11-20,0 week ahead inc case,quantile,0.5,seasonal_influenza,332
DE-ST,00+,2022-11-20,2022-11-20,0 week ahead inc case,quantile,0.75,seasonal_influenza,348.5
DE-ST,00+,2022-11-20,2022-11-20,0 week ahead inc case,quantile,0.9,seasonal_influenza,367.5
DE-ST,00+,2022-11-20,2022-11-20,0 week ahead inc case,quantile,0.975,seasonal_influenza,395
DE-TH,00+,2022-11-20,2022-10-23,-4 week ahead inc case,mean,NA,seasonal_influenza,130
DE-TH,00+,2022-11-20,2022-10-23,-4 week ahead inc case,quantile,0.025,seasonal_influenza,130
DE-TH,00+,2022-11-20,2022-10-23,-4 week ahead inc case,quantile,0.1,seasonal_influenza,130
DE-TH,00+,2022-11-20,2022-10-23,-4 week ahead inc case,quantile,0.25,seasonal_influenza,130
DE-TH,00+,2022-11-20,2022-10-23,-4 week ahead inc case,quantile,0.5,seasonal_influenza,130
DE-TH,00+,2022-11-20,2022-10-23,-4 week ahead inc case,quantile,0.75,seasonal_influenza,130
DE-TH,00+,2022-11-20,2022-10-23,-4 week ahead inc case,quantile,0.9,seasonal_influenza,130
DE-TH,00+,2022-11-20,2022-10-23,-4 week ahead inc case,quantile,0.975,seasonal_influenza,130
DE-TH,00+,2022-11-20,2022-10-30,-3 week ahead inc case,mean,NA,seasonal_influenza,90.184
DE-TH,00+,2022-11-20,2022-10-30,-3 week ahead inc case,quantile,0.025,seasonal_influenza,90
DE-TH,00+,2022-11-20,2022-10-30,-3 week ahead inc case,quantile,0.1,seasonal_influenza,90
DE-TH,00+,2022-11-20,2022-10-30,-3 week ahead inc case,quantile,0.25,seasonal_influenza,90
DE-TH,00+,2022-11-20,2022-10-30,-3 week ahead inc case,quantile,0.5,seasonal_influenza,90
DE-TH,00+,2022-11-20,2022-10-30,-3 week ahead inc case,quantile,0.75,seasonal_influenza,90.5
DE-TH,00+,2022-11-20,2022-10-30,-3 week ahead inc case,quantile,0.9,seasonal_influenza,90.5
DE-TH,00+,2022-11-20,2022-10-30,-3 week ahead inc case,quantile,0.975,seasonal_influenza,91
DE-TH,00+,2022-11-20,2022-11-06,-2 week ahead inc case,mean,NA,seasonal_influenza,101.418
DE-TH,00+,2022-11-20,2022-11-06,-2 week ahead inc case,quantile,0.025,seasonal_influenza,101
DE-TH,00+,2022-11-20,2022-11-06,-2 week ahead inc case,quantile,0.1,seasonal_influenza,101
DE-TH,00+,2022-11-20,2022-11-06,-2 week ahead inc case,quantile,0.25,seasonal_influenza,101
DE-TH,00+,2022-11-20,2022-11-06,-2 week ahead inc case,quantile,0.5,seasonal_influenza,101.5
DE-TH,00+,2022-11-20,2022-11-06,-2 week ahead inc case,quantile,0.75,seasonal_influenza,101.5
DE-TH,00+,2022-11-20,2022-11-06,-2 week ahead inc case,quantile,0.9,seasonal_influenza,102
DE-TH,00+,2022-11-20,2022-11-06,-2 week ahead inc case,quantile,0.975,seasonal_influenza,102.5
DE-TH,00+,2022-11-20,2022-11-13,-1 week ahead inc case,mean,NA,seasonal_influenza,311.731
DE-TH,00+,2022-11-20,2022-11-13,-1 week ahead inc case,quantile,0.025,seasonal_influenza,309.5
DE-TH,00+,2022-11-20,2022-11-13,-1 week ahead inc case,quantile,0.1,seasonal_influenza,310
DE-TH,00+,2022-11-20,2022-11-13,-1 week ahead inc case,quantile,0.25,seasonal_influenza,310.5
DE-TH,00+,2022-11-20,2022-11-13,-1 week ahead inc case,quantile,0.5,seasonal_influenza,311
DE-TH,00+,2022-11-20,2022-11-13,-1 week ahead inc case,quantile,0.75,seasonal_influenza,312
DE-TH,00+,2022-11-20,2022-11-13,-1 week ahead inc case,quantile,0.9,seasonal_influenza,313.5
DE-TH,00+,2022-11-20,2022-11-13,-1 week ahead inc case,quantile,0.975,seasonal_influenza,316.5
DE-TH,00+,2022-11-20,2022-11-20,0 week ahead inc case,mean,NA,seasonal_influenza,659.1785
DE-TH,00+,2022-11-20,2022-11-20,0 week ahead inc case,quantile,0.025,seasonal_influenza,595.5
DE-TH,00+,2022-11-20,2022-11-20,0 week ahead inc case,quantile,0.1,seasonal_influenza,603.5
DE-TH,00+,2022-11-20,2022-11-20,0 week ahead inc case,quantile,0.25,seasonal_influenza,615
DE-TH,00+,2022-11-20,2022-11-20,0 week ahead inc case,quantile,0.5,seasonal_influenza,639
DE-TH,00+,2022-11-20,2022-11-20,0 week ahead inc case,quantile,0.75,seasonal_influenza,683.5
DE-TH,00+,2022-11-20,2022-11-20,0 week ahead inc case,quantile,0.9,seasonal_influenza,742
DE-TH,00+,2022-11-20,2022-11-20,0 week ahead inc case,quantile,0.975,seasonal_influenza,834
